630.057	155.042	6
464.168	333.676	6
487.14	138.399	6
564.253	74.1137	6
510.106	619.646	6
533.132	356.56	6
495.91	735.407	6
675.394	335.434	6
89.273	7.34221	6
267.615	383.207	6
420.938	767.615	6
639.846	759.536	6
402.872	709.823	6
111.062	20.0556	6
348.957	401.261	6
722.026	279.104	6
533.471	438.626	6
568.921	319.481	6
542.968	347.119	6
322.054	316.999	6
124.477	59.3732	6
658.434	706.402	6
93.7155	602.647	6
245.711	172.013	6
582.592	512.065	15
517.296	195.564	6
471.89	404.18	6
169.959	92.4142	6
380.622	317.417	6
141.613	715.013	6
731.311	82.159	6
195.854	433.236	6
496.932	8.68239	6
753.217	303.751	6
332.426	270.046	6
608.133	535.284	6
351.815	490.315	6
432.029	395.799	6
319.166	623.93	6
574.418	108.176	6
418.325	298.874	6
311.232	121.626	6
730.224	505.841	6
207.346	314.929	6
58.0701	334.193	6
286.109	740.324	6
396.372	439.667	6
413.393	123.474	6
449.372	371.797	6
418.177	25.4949	15
624.145	263.554	6
530.902	189.037	6
736.116	172.077	6
631.7	273.87	6
87.7048	420.026	6
386.688	468.925	6
768.539	667.925	6
570.107	739.529	6
388.584	24.6051	6
292.217	440.746	6
307.491	530.549	6
399.857	753.305	6
178.1	49.2234	6
73.0083	702.502	6
400.554	500.811	6
708.503	298.532	6
738.408	434.894	6
466.747	688.553	6
629.982	337.79	6
245.882	668.757	6
744.869	572.932	6
391.964	741.242	6
497.52	204.443	6
707.765	146.303	6
198.384	188.485	15
573.486	590.392	6
737.707	140.609	6
512.935	184.314	6
264.016	601.58	6
68.2028	645.56	6
332.372	743.403	6
144.479	306.058	6
415.228	632.821	6
233.067	279.07	6
96.4697	429.306	6
220.721	117.866	6
313.924	611.726	6
80.0687	18.8835	6
45.7836	34.848	6
131.976	262.09	6
212.472	697.144	6
33.071	158.348	6
169.386	596.359	6
370.484	359.921	6
358.501	408.734	6
297.156	730.961	6
345.674	431.86	6
191	20.8334	6
262.345	461.078	6
325.978	402.993	15
174.833	556.821	6
493.35	442.567	6
399.523	596.808	6
454.447	466.219	6
596.379	605.354	6
692.928	44.0633	6
540.396	707.87	6
162.227	653.526	6
473.078	529.374	6
304.297	35.8013	6
138.14	570.634	6
725.558	558.883	6
181.204	216.799	6
570.751	440.099	6
684.459	132.318	6
69.7975	25.7638	6
656.238	619.586	6
499.802	276.391	6
424.405	207.416	6
667.809	296.635	6
739.861	611.201	6
285.633	499.18	6
532.727	453.621	6
435.443	246.212	6
246.956	711.02	15
332.368	359.272	6
516.021	293.653	6
130.992	709.085	6
468.935	707.347	6
379.274	390.463	6
25.9213	497.014	6
452.849	688.343	6
340.574	147.881	6
206.093	758.129	6
288.033	107.84	6
232.601	261.789	6
699.163	530.587	6
6.14637	462.099	6
244.968	409.86	6
707.464	440.025	6
370.567	252.637	6
6.00993	111.126	6
627.491	168.986	6
36.9546	299.23	6
77.51	378.639	6
668.374	61.216	6
150.843	336.776	6
13.9246	451.16	6
475.752	212.847	6
440.276	758.678	15
306.189	699.351	6
242.389	228.716	6
453.639	246.187	6
706.088	680.978	6
732.067	671.573	6
330.378	307.49	6
177.283	362.149	6
386.216	762.018	6
478.592	464.464	6
316.343	561.221	6
121.713	199.585	6
617.958	251.803	6
536.342	605.733	6
688.244	211.005	6
77.4174	350.981	6
198.994	346.768	6
282.321	447.78	6
587.43	721.338	6
714.395	567.217	6
601.239	631.342	6
435.504	143.286	6
157.348	624.937	6
513.725	588.141	6
628.661	236.269	6
201.811	129.623	15
17.2806	331.15	6
349.058	653.387	6
596.141	100.212	6
520.258	514.115	6
296.529	559.085	6
98.9988	502.057	6
170.187	351.754	6
226.851	759.273	6
300.663	129.154	6
535.816	142.604	6
37.9257	193.892	6
327.163	172.521	6
53.5947	6.70418	6
758.272	628.205	6
227.511	191.941	6
16.3947	210.387	6
476.111	328.766	6
77.601	301.39	6
415.918	593.356	6
11.9673	757.353	6
370.708	141.445	6
452.622	546.091	6
516.646	658.664	6
521.576	60.1741	6
18.9749	263.443	15
143.67	33.4332	6
405.452	449.052	6
224.333	479.613	6
432.905	155.453	6
337.525	702.462	6
352.644	359.171	6
112.942	54.489	6
706.456	313.021	6
410.623	322.713	6
109.859	450.683	6
307.74	503.249	6
590.279	36.4595	6
290.991	318.998	6
660.415	72.3439	6
425.794	679.182	6
296.868	577.888	6
712.032	693.152	6
160.545	120.569	6
434.613	670.305	6
333.314	727.036	6
597.088	678.261	6
319.099	14.3034	6
748.349	260.245	6
317.485	359.633	6
560.659	377.494	15
36.6945	139.393	6
173.132	644.884	6
159.444	396.792	6
136.323	48.5716	6
453.641	564.265	6
713.365	713.285	6
355.266	663.914	6
632.893	542.067	6
56.5731	266.74	6
461.031	346.957	6
228.21	299.986	6
233.989	545.874	6
288.176	240.608	6
6.42395	546.006	6
574.908	602.712	6
215.352	627.189	6
741.767	355.168	6
457.157	161.205	6
758.504	644.786	6
160.197	433.708	6
411.843	155.113	6
428.879	723.846	6
30.4693	213.519	6
472.325	87.7534	6
495.721	171.538	15
404.597	690.517	6
447.094	667.015	6
481.956	741.161	6
101.493	461.007	6
537.56	732.039	6
355.747	720.922	6
548.193	305.951	6
313.356	237.353	6
431.025	307.736	6
127.219	631.26	6
753.223	564.276	6
758.254	358.073	6
509.398	9.89805	6
595.29	216.604	6
93.6641	324.573	6
366.85	517.962	6
210.834	41.8246	6
418.337	714.793	6
7.0608	476.615	6
403.845	560.742	6
386.234	728.803	6
545.786	188.006	6
284.881	52.0079	6
426.505	739.522	6
391.066	521.337	15
632.875	350.906	6
309.528	599.976	6
732.443	6.83004	6
623.055	572.082	6
263.888	725.953	6
97.661	624.382	6
438.055	294.638	6
685.435	33.3272	6
284.009	684.979	6
516.743	695.473	6
437.575	123.77	6
656.234	198.599	6
318.264	199.793	6
271.168	715.762	6
151.568	644.943	6
491.032	768.447	6
236.675	734.24	6
574.263	197.079	6
769.076	429.7	6
731.918	209.307	6
325.361	50.6622	6
123.464	748.023	6
384.113	712.076	6
6.49382	601.714	6
612.714	513.348	15
538.385	296.261	6
647.294	407.47	6
469.073	171.598	6
563.458	760.036	6
86.4812	676.565	6
544.709	580.645	6
680.028	51.8577	6
555.258	492.144	6
224.466	533.025	6
114.878	161.092	6
738.87	497.083	6
182.742	31.6077	6
462.902	590.015	6
759.832	498.525	6
425.706	624.157	6
209.2	168.417	6
103.977	63.0451	6
586.023	593.449	6
235.814	387.808	6
517.797	376.258	6
335.419	319.152	6
90.323	195.274	6
359.196	685.997	6
675.843	581.688	6
436.732	100.083	15
750.929	410.774	6
538.498	198.523	6
477.106	247.806	6
17.0855	487.945	6
715.951	467.47	6
358.822	164.557	6
657.523	432.152	6
250.472	450.238	6
237.794	531.442	6
128.244	768.702	6
98.6726	349.566	6
315.721	225.442	6
611.798	654.289	6
122.289	518.064	6
428.108	591.965	6
603.937	442.223	6
221.003	365.896	6
650.582	754.058	6
577.646	664.995	6
456.875	528.823	6
371.076	759.824	6
704.571	211.439	6
442.804	224.383	6
677.865	692.684	6
689.054	757.589	15
674.467	25.9917	6
339.271	194.387	6
299.139	234.583	6
65.7202	388.499	6
726.67	517.808	6
181.575	567.796	6
175.44	415.968	6
102.978	45.2105	6
425.936	703.137	6
734.791	95.2069	6
475.75	277.603	6
33.8661	383.727	6
506.89	489.922	6
636.079	416.213	6
403.338	539.473	6
397.579	295.926	6
574.134	767.177	6
494.939	91.1645	6
148.249	582.135	6
445.35	133.653	6
347.218	672.901	6
653.409	525.882	6
336.824	757.698	6
571.04	720.626	6
703.261	509.07	15
767.602	406.808	6
768.783	48.1095	6
56.5302	504.484	6
538.805	660.021	6
153.447	206.722	6
409.506	510.916	6
488.104	241.346	6
507.986	265.48	6
290.982	720.055	6
6.16918	726.025	6
15.68	347.255	6
577.529	696.928	6
70.8437	121.173	6
672.979	620.548	6
39.9129	624.76	6
349.334	22.9394	6
225.243	332.461	6
114.077	300.928	6
75.9335	669.666	6
152.581	225.728	6
81.0026	600.21	6
748.411	585.305	6
69.8959	507.188	6
29.9055	309.197	6
394.423	63.7169	15
251.417	468.555	6
381.257	95.6964	6
354.135	457.515	6
171.777	263.805	6
301.209	222.402	6
89.1719	648.095	6
211.491	297.063	6
246.896	319.958	6
577.923	349.17	6
188.439	758.13	6
526.943	268.567	6
585.111	536.115	6
62.6348	617.929	6
181.182	69.1531	6
185.125	653.25	6
74.5239	465.997	6
335.493	440.911	6
506.717	684.757	6
106.948	677.947	6
148.307	404.794	6
113.81	282.016	6
284.99	329.564	6
539.496	512.016	6
622.627	358.944	6
33.7518	15.7037	15
324.657	551.444	6
309.631	153.831	6
280.264	359.673	6
7.69003	496.547	6
465.651	222.35	6
349.164	518.812	6
651.12	693.02	6
187.531	371.097	6
569.447	299.891	6
308.867	755.517	6
692.961	381.959	6
162.686	234.986	6
721.771	701.65	6
672.682	599.966	6
343.886	735.225	6
664.142	690.598	6
472.363	196.362	6
39.328	768.796	6
597.578	85.28	6
494.881	262.51	6
245.871	52.4373	6
6.28462	126.077	6
761.3	180.083	6
469.557	563.446	6
511.429	41.3819	15
496.007	458.193	6
422.611	691.521	6
609.743	386.526	6
677.958	567.355	6
171.302	225.062	6
464.58	78.5128	6
136.542	163.083	6
219.144	160.605	6
88.6512	41.9873	6
289.42	606.312	6
295.21	522.652	6
667.642	325.562	6
623.222	642.637	6
525.668	387.015	6
444.582	256.143	6
379.751	178.488	6
669.551	748.407	6
112.665	525.413	6
374.165	721.536	6
290.279	548.748	6
235.142	769.052	6
559.668	327.914	6
121.848	28.0624	6
495.915	296.831	6
75.8848	759.417	15
142.884	326.473	6
502.715	19.9662	6
622.696	394.064	6
651.807	348.904	6
703.613	328.132	6
617.501	310.362	6
480.121	477.232	6
327.502	568.323	6
218.527	639.823	6
573.717	492.24	6
392.258	702.145	6
442.429	165.197	6
300.444	611.973	6
215.995	765.831	6
143.593	286.922	6
712.069	270.077	6
624.471	453.434	6
302.593	462.906	6
51.3695	161.277	6
22.0656	748.479	6
449.514	636.426	6
318.146	162.655	6
359.689	541.384	6
731.907	569.121	6
464.081	507.026	15
275.512	25.4644	6
472.235	755.127	6
228.116	725.556	6
587.566	422.194	6
732.876	709.492	6
674.515	726.465	6
237.414	508.474	6
384.178	501.143	6
140.565	416.233	6
672.949	237.849	6
408.52	357.695	6
65.2418	713.723	6
509.955	422.739	6
531.14	476.127	6
161.722	175.517	6
235.001	419.207	6
260.77	693.519	6
410.222	474.791	6
682.35	225.105	6
118.663	639.77	6
198.476	768.66	6
560.307	411.812	6
476.753	162.176	6
139.461	645.472	6
628.598	69.1213	15
89.4168	213.51	6
411.959	216.797	6
114.02	143.112	6
585.008	674.985	6
648.818	6.49369	6
70.9415	58.6664	6
464.155	298.831	6
768.746	81.4579	6
7.13432	672.624	6
326.308	69.6475	6
504.008	531.697	6
73.8529	287.858	6
138.539	608.958	6
482.151	316.221	6
445.469	304.165	6
353.331	576.193	6
523.657	728.526	6
34.8116	681.441	6
111.913	605.629	6
532.523	717.614	6
580.719	642.01	6
6.65327	324.306	6
170.574	759.685	6
373.487	213.545	6
625.843	716.074	15
289.692	369.798	6
460.422	363.177	6
663.704	630.124	6
177.505	379.749	6
163.402	668.289	6
644.464	517.447	6
459.136	426.242	6
445.11	457.62	6
302.447	541.887	6
310.627	138.263	6
484.73	116.701	6
712.357	485.104	6
413.264	140.549	6
477.698	59.4331	6
341.416	350.646	6
748.709	652.082	6
751.655	426.877	6
205.527	635.892	6
287.672	400.661	6
236.454	401.125	6
348.182	158.047	6
142.31	749.513	6
543.171	562.637	6
459.859	109.849	6
297.281	15.0667	15
176.826	15.9821	6
154.582	188.923	6
505.972	555.732	6
327.966	229.637	6
587.021	653.593	6
533.681	571.257	6
531.532	522.704	6
216.603	709.16	6
363.882	465.405	6
344.996	639.632	6
98.2302	668.875	6
26.5563	200.272	6
664.349	589.724	6
752.067	346.292	6
685.742	294.596	6
340.645	114.522	6
331.292	503.131	6
305.849	50.5306	6
276.709	627.757	6
230.907	56.505	6
544.924	45.9554	6
586.507	244.359	6
569.121	37.4921	6
150.094	152.055	6
485.679	547.363	15
8.13669	579.401	6
397.96	15.9731	6
17.9321	241.238	6
635.204	45.0268	6
601.756	462.101	6
336.792	181.49	6
605.214	666.757	6
653.881	156.394	6
704.555	115.097	6
6.72808	197.606	6
187.283	530.461	6
170.345	61.8231	6
26.7339	728.068	6
79.5727	201.748	6
126.597	563.634	6
720.759	169.867	6
388.482	306.957	6
162.578	415.435	6
538.826	768.008	6
457.298	403.134	6
476.321	73.1996	6
533.764	339.322	6
687.562	424.032	6
443.214	624.745	6
550.494	465.916	15
6.31703	746.259	6
257.114	220.582	6
38.4752	226.931	6
179.052	124.328	6
454.257	325.667	6
713.233	378.362	6
504.658	288.08	6
696.726	694.57	6
743.17	540.459	6
685.233	439.962	6
122.021	400.522	6
482.51	665.786	6
684.227	401.248	6
366.082	397.11	6
229.694	128.374	6
104.862	273.71	6
115.147	331.906	6
454.596	143.989	6
572.486	685.495	6
248.293	241.657	6
177.668	178.703	6
599.759	711.193	6
463.647	539.123	6
630.261	484.519	6
263.905	486.102	15
120.944	382.104	6
126.662	614.169	6
316.399	42.0981	6
244.872	586.107	6
439.637	497.91	6
696.029	584.943	6
729.594	32.0876	6
104.723	420.54	6
281.947	707.621	6
333.201	473.445	6
159.607	587.663	6
607.521	753.09	6
502.793	314.902	6
524.256	331.819	6
765.683	754.558	6
94.9847	143.415	6
375.247	198.091	6
731.841	643.208	6
224.873	211.477	6
456.195	711.977	6
666.25	423.129	6
463.649	630.471	6
444.624	592.457	6
285.308	638.196	6
482.151	600.919	15
363.965	674.324	6
443.25	205.832	6
655.725	124.933	6
507.344	350.248	6
425.919	504.356	6
348.488	536.221	6
605.066	722.796	6
724.809	593.211	6
574.187	183.061	6
768.939	262.89	6
102.036	654.636	6
674.465	545.248	6
478.265	370.075	6
334.066	41.8949	6
196.106	32.4705	6
636.857	560.644	6
709.117	283.424	6
759.537	580.559	6
343.238	481.493	6
130.175	37.0454	6
185.461	547.914	6
559.345	63.2488	6
473.27	488.081	6
606.274	305.221	6
645.341	601.6	15
544.736	721.823	6
473.677	446.177	6
487.413	273.357	6
13.7075	6.68293	6
235.991	244.808	6
81.4444	93.0653	6
72.2836	7.94248	6
316.028	59.0238	6
540.237	646.418	6
514.4	737.016	6
685.108	704.217	6
488.587	425.457	6
734.971	189.997	6
92.7252	540.797	6
492.527	747.981	6
415.001	260.639	6
683.953	64.8854	6
712.709	426.788	6
258.884	744.317	6
428.782	492.377	6
243.794	496.68	6
556.532	296.209	6
537.085	123.936	6
312.391	308.131	6
760.045	28.5007	15
300.865	644.78	6
768.726	737.852	6
321.889	680.414	6
177.723	450.784	6
471.066	671.209	6
416.36	92.938	6
161.424	360.452	6
126.64	98.0379	6
741.875	419.458	6
43.0973	374.629	6
153.584	297.487	6
132.241	722.884	6
594.704	641.824	6
78.2254	132.272	6
122.126	46.1321	6
211.421	413.643	6
726.286	148.124	6
423.963	269.651	6
115.999	570.242	6
712.721	600.632	6
474.172	384.781	6
684.21	681.833	6
751.682	114.605	6
723.192	659.384	6
530.83	15.3664	15
309.91	677.624	6
325.135	433.51	6
632.026	121.711	6
319.396	727.557	6
253.978	436.878	6
749.091	446.934	6
116.715	685.275	6
603.126	555.193	6
235.665	693.185	6
331.343	138.744	6
537.933	81.3488	6
497.568	389.063	6
693.362	412.164	6
496.705	677.888	6
362.008	243.084	6
694.772	675.978	6
131.346	282.408	6
356.319	756.043	6
349.359	563.062	6
690.521	604.031	6
292.798	674.565	6
260.086	360.159	6
590.755	111.185	6
113.898	7.56108	6
35.926	477.604	15
202.11	550.955	6
500.297	697.857	6
221.039	422.765	6
392.508	685.363	6
353.018	705.628	6
164.795	274.338	6
606.569	318.643	6
525.672	152.204	6
295.95	58.5675	6
730.148	221.507	6
671.598	219.25	6
141.738	183.672	6
578.995	731.129	6
297.88	710.148	6
755.63	328.297	6
360.126	132.143	6
76.6131	107.091	6
30.0481	282.276	6
519.317	412.262	6
219.394	65.4044	6
307.371	389.557	6
351.005	121.842	6
744.547	85.8022	6
259.145	249.966	6
133.445	235.292	15
457.91	47.9489	6
414.452	570.564	6
236.265	217.512	6
548.59	502.916	6
137.487	443.303	6
52.9054	525.557	6
598.447	192.927	6
585.858	611.176	6
475.972	342.749	6
184.824	719.473	6
461.132	485.102	6
375.542	30.0513	6
599.521	346.259	6
93.2822	126.156	6
584.567	225.762	6
336.485	286.071	6
261.871	768.39	6
96.7654	527.675	6
231.989	608.334	6
237.683	329.463	6
334.279	340.165	6
105.291	153.262	6
477.819	681.203	6
747.753	214.533	6
290.841	163.461	15
182.986	698.855	6
652.092	539.016	6
751.779	489.392	6
98.2435	92.5938	6
610.516	685.098	6
310.901	172.446	6
167.327	576.73	6
141.734	271.207	6
307.931	350.654	6
107.564	537.673	6
729.101	447.726	6
52.7726	24.8239	6
524.47	581.467	6
721.97	495.685	6
743.82	181.399	6
663.445	136.063	6
102.095	548.835	6
666.252	115.843	6
233.818	7.33264	6
115.008	70.2442	6
686.741	483.123	6
271.995	87.7906	6
276.635	405.553	6
358.25	529.148	6
30.517	437.664	15
303.244	768.046	6
131.131	374.548	6
768.775	652.4	6
135.781	694.349	6
403.949	131.802	6
61.546	284.583	6
285.08	213.412	6
63.5015	198.209	6
381.762	277.571	6
204.818	531.368	6
370.876	125.367	6
229.261	630.313	6
221.348	512.492	6
308.246	584.519	6
279.802	295.965	6
307.091	553.145	6
227.248	409.996	6
122.44	254.609	6
324.136	260.65	6
123.396	697.493	6
395.28	250.487	6
215.64	678.404	6
513.757	247.182	6
71.0131	82.731	6
547.206	276.53	15
607.88	154.368	6
407.463	6.31467	6
769.005	588.924	6
519.527	257.926	6
387.363	7.13824	6
566.826	705.269	6
588.497	16.0532	6
305.016	721.25	6
266.119	619.519	6
194.752	402.299	6
551.123	610.19	6
671.604	13.3955	6
494.884	344.502	6
286.668	590.156	6
435.937	78.1626	6
58.9622	239.977	6
183.875	425.793	6
297.504	208.862	6
200.083	49.6506	6
447.727	612.283	6
95.0094	225.081	6
535.724	695.164	6
210.379	57.1195	6
597.122	529.834	6
708.771	72.9483	15
138.596	465.498	6
619.253	759.471	6
517.823	357.508	6
330.531	26.7586	6
153.555	719.916	6
73.5083	190.737	6
209.582	244.792	6
621.542	535.679	6
405.056	84.1785	6
612.046	82.7198	6
694.708	718.361	6
303.003	450.148	6
611.929	564.806	6
487.12	409.088	6
263.603	447.519	6
441.254	381.361	6
172.825	315.712	6
372.428	664.201	6
661.121	670.077	6
696.927	55.5405	6
731.659	733.81	6
187.476	167.095	6
187.226	57.7261	6
700.085	647.083	6
129.982	541.551	15
732.06	50.665	6
457.398	262.262	6
516.947	277.723	6
48.1587	216.268	6
685.929	328.719	6
682.088	347.561	6
727.868	62.8353	6
657.88	303.628	6
740.343	558.258	6
250.613	640.406	6
554.151	178.74	6
654.569	40.1961	6
333.035	80.5335	6
43.683	239.071	6
741.677	200.54	6
32.8666	698.888	6
294.524	472.043	6
158.359	34.1192	6
705.603	192.817	6
251.71	623.988	6
539.205	176.918	6
204.432	443.352	6
189.908	79.3928	6
753.189	170.988	6
614.899	207.066	15
96.2364	411.362	6
402.489	659.772	6
443.757	723.601	6
6.08956	515.391	6
175.615	728.715	6
727.509	180.418	6
658.578	219.265	6
651.4	62.4624	6
240.494	618.354	6
322.691	480.561	6
455.591	87.6491	6
618.468	674.313	6
514.077	91.5438	6
730.938	545.671	6
320.648	592.509	6
720.612	366.275	6
217.865	307.891	6
325.908	655.731	6
261.813	342.218	6
388.678	430.153	6
315.937	335.041	6
645.377	187.882	6
584.07	564.362	6
258.366	6.65421	6
370.419	559.891	15
513.174	68.8487	6
588.258	374.233	6
709.702	360.014	6
479.811	714.441	6
95.2136	768.423	6
540.058	34.3185	6
383.271	694.196	6
413.802	681.75	6
635.839	621.353	6
190.578	281.52	6
277.955	542.121	6
622.069	130.136	6
721.58	437.042	6
656.667	183.417	6
464.739	251.872	6
730.926	160.261	6
349.17	598.454	6
569.898	263.035	6
134.224	315.343	6
180.184	253.368	6
291.633	697.694	6
279.814	649.747	6
655.615	659.04	6
566.067	482.624	6
477.044	15.7332	15
768.065	722.449	6
545.49	597.978	6
78.5362	498.813	6
248.831	767.568	6
702.392	706.659	6
255.434	659.164	6
84.435	530.372	6
458.957	662.964	6
46.4058	635.303	6
162.701	199.134	6
78.1938	427.571	6
132.716	353.066	6
349.896	767.973	6
158.5	84.8763	6
487.699	703.026	6
105.247	491.549	6
656.108	681.334	6
308.981	734.164	6
371.463	534.634	6
766.847	278.848	6
423.606	222.518	6
124.573	439.195	6
758.794	595.702	6
367.231	19.7974	6
432.502	537.865	15
208.552	479.883	6
216.404	342.037	6
41.9201	532.245	6
339.513	298.793	6
673.503	38.7769	6
185.454	737.621	6
556.445	51.095	6
646.245	50.7921	6
44.9942	203.867	6
565.409	6.66956	6
483.525	203.411	6
235.54	643.01	6
707.914	258.796	6
474.832	290.589	6
276.019	103.752	6
52.9979	463.566	6
628.967	301.605	6
38.9487	719.5	6
25.0798	374.85	6
256.975	680.399	6
426.353	437.063	6
642.319	200.486	6
484.28	499.757	6
253.154	506.307	6
713.234	17.1375	15
514.826	473.683	6
214.687	749.379	6
330.659	124.214	6
162.267	15.1761	6
410.577	460.249	6
145.844	434.765	6
160.49	768.478	6
713.328	201.965	6
733.568	759.081	6
604.408	172.069	6
666.903	266.972	6
542.237	546.965	6
443.885	268.396	6
294.224	655.453	6
757.64	202.951	6
672.731	503.999	6
650.011	113.632	6
465.459	151.691	6
238.309	678.643	6
186.229	665.857	6
359.945	312.361	6
314.121	490.135	6
303.991	245.625	6
722.076	262.672	6
273.195	517.403	15
424.754	130.872	6
759.764	219.919	6
647.254	390.07	6
484.161	151.632	6
313.978	456.317	6
354.385	212.383	6
201.377	254.552	6
318.125	644.969	6
417.707	486.55	6
500.856	590.279	6
358.839	149.35	6
136.881	623.393	6
627.7	472.126	6
192.865	562.802	6
763.797	418.204	6
310.971	369.909	6
567.756	284.686	6
619.353	442.003	6
747.039	317.277	6
631.081	251.802	6
768.691	229.778	6
452.313	215.786	6
466.544	735.465	6
85.3556	116.77	6
504.526	640.308	15
760.24	90.344	6
768.48	148.191	6
729.297	620.512	6
632.435	140.334	6
418.313	613.983	6
556.439	681.67	6
159.669	345.256	6
180.787	767.885	6
63.5214	110.424	6
301.59	687.688	6
359.275	259.403	6
143.046	14.5337	6
400.391	573.779	6
768.471	545.121	6
678.419	473.073	6
435.729	688.426	6
529.242	419.127	6
32.74	540.761	6
225.546	650.171	6
679.691	610.344	6
432.02	458.912	6
535.176	589.263	6
55.3047	699.639	6
616.413	102.443	6
50.2194	67.536	15
734.846	392.342	6
370.016	86.2804	6
384.807	40.4082	6
693.446	359.3	6
577.451	621.344	6
63.5712	221.695	6
502.106	610.052	6
595.819	566.975	6
376.168	74.3412	6
433.57	261.727	6
677.249	86.9114	6
708.409	408.077	6
725.145	718.837	6
337.212	545.182	6
26.3988	339.695	6
643.034	35.5596	6
732.155	254.995	6
125.046	324.206	6
246.803	11.0398	6
756.486	78.4584	6
659.237	52.1839	6
281.643	346.142	6
677.695	108.142	6
112.533	262.237	6
178.234	493.034	15
534.526	66.0531	6
616.204	465.569	6
436.284	582.124	6
419.668	750.591	6
348.362	444.398	6
335.708	218.555	6
428.09	321.239	6
407.63	584.181	6
680.23	715.915	6
586.463	631.288	6
768.829	444.056	6
645.514	299.959	6
31.8078	574.899	6
370.748	169.848	6
36.6657	519.974	6
682.512	555.681	6
511.978	541.066	6
189.868	245.943	6
326.05	635.146	6
208.555	649.02	6
330.875	580.662	6
38.0187	751.971	6
130.088	454.732	6
578.591	45.7615	6
411.988	404.969	15
675.335	359.566	6
57.4447	604.693	6
612.964	121.111	6
347.289	223.371	6
253.728	385.858	6
711.466	177.936	6
82.1299	456.297	6
682.696	370.479	6
677.493	203.364	6
162.354	103.433	6
26.0694	511.338	6
694.384	124.027	6
500.383	59.4842	6
596.043	312.883	6
68.8298	232.911	6
656.981	724.698	6
531.299	758.057	6
520.689	429.663	6
55.1346	139.884	6
637.969	312.304	6
472.767	581.354	6
509.471	600.072	6
262.898	394.994	6
166.481	186.713	6
605.965	410.093	15
300.777	665.574	6
122.531	271.422	6
24.624	689.554	6
298.951	594.027	6
167.753	335.185	6
6.43396	17.1289	6
324.346	604.484	6
80.7046	51.5485	6
264.163	99.4188	6
144.379	137.852	6
443.749	678.778	6
707.882	164.941	6
488.914	191.369	6
556.871	749.233	6
376.538	406.236	6
381.032	676.946	6
335.275	515.526	6
101.111	334.047	6
388.549	398.198	6
111.789	558.643	6
757.013	157.141	6
640.565	264.526	6
16.0813	680.955	6
345.303	271.887	6
46.1845	558.515	15
383.967	480.926	6
430.306	339.906	6
635.872	178.901	6
500.705	431.521	6
69.4167	97.1895	6
68.3572	420.027	6
767.559	367.893	6
109.437	121.159	6
674.079	526.402	6
465.318	57.9585	6
308.139	432.757	6
191.483	148.922	6
696.433	220.443	6
38.0473	273.091	6
526.969	116.338	6
30.5188	126.803	6
558.699	445.19	6
481.469	437.151	6
593.112	203.752	6
97.2643	685.755	6
300.563	144.828	6
352.85	301.622	6
518.231	495.867	6
407.223	429.106	6
249.816	83.3391	15
442.176	570.951	6
556.744	712.23	6
698.916	486.858	6
133.156	6.3215	6
719.17	645.528	6
132.502	756.84	6
54.8464	686.222	6
397.867	463.41	6
343.198	206.157	6
698.277	432.144	6
124.155	292.228	6
568.877	453.445	6
579.237	331.018	6
171.884	166.079	6
718.792	455.494	6
305.793	414.178	6
206.865	72.4181	6
355.713	195.71	6
552.797	554.42	6
163.573	549.423	6
427.781	287.556	6
507.444	408.581	6
170.606	114.022	6
151.773	546.309	6
350.5	94.0383	15
167.724	443.573	6
361.843	768.956	6
150.439	127.491	6
299.774	378.111	6
293.119	253.686	6
63.1623	592.224	6
682.473	307.389	6
745.697	276.328	6
428.105	478.08	6
17.9841	627.342	6
264.089	408.252	6
142.269	767.14	6
53.8186	294.234	6
103.073	215.915	6
90.2918	467.176	6
347.074	259.757	6
165.646	696.885	6
252.087	350.098	6
6.97047	567.147	6
729.809	300.199	6
18.3183	767.739	6
153.312	740.712	6
275.669	62.3567	6
273.084	661.39	6
599.995	263.924	15
548.74	73.0666	6
686.937	645.131	6
33.6819	739.337	6
167.663	131.126	6
153.446	278.797	6
598.097	483.026	6
504.268	744.398	6
378.805	15.8583	6
319.965	381.619	6
564.529	227.119	6
738.044	629.042	6
222.306	103.92	6
593.199	471.233	6
163.326	50.8175	6
439.484	14.2823	6
307.189	194.221	6
60.3491	150.998	6
57.0878	121.449	6
114.416	225.562	6
250.337	304.81	6
493.312	126.97	6
33.8021	247.542	6
84.8329	388.737	6
300.771	362.393	6
16.1315	92.5624	15
646.492	732.372	6
723.507	102.814	6
55.0566	537.683	6
596.526	326.721	6
541.328	239.9	6
266.305	52.9838	6
420.014	332.428	6
224.282	459.265	6
513.084	322.076	6
726.339	748.926	6
632.186	433.772	6
89.1903	633.031	6
711.849	95.9535	6
255.151	262.088	6
512.205	230.036	6
349.514	378.529	6
186.993	294.286	6
482.78	299.661	6
7.52085	304.691	6
554.286	588.845	6
557.764	84.4102	6
622.949	185.789	6
457.402	67.8972	6
664.271	148.064	6
369.311	591.04	15
133.232	206.018	6
218.454	179.899	6
64.0873	182.114	6
347.964	290.148	6
384.909	82.6373	6
526.809	704.374	6
484.178	757.896	6
164.487	155.053	6
216.666	201.444	6
435.731	37.3346	6
750.625	191.799	6
107.63	580.337	6
382.71	541.614	6
640.344	240.872	6
698.615	291.051	6
48.5465	46.5662	6
434.424	276.458	6
291.565	457.086	6
425.744	604.145	6
752.495	66.8315	6
654.81	508.102	6
6.38082	357.126	6
431.579	171.34	6
499.896	714.752	6
403.934	175.035	15
717.986	348.5	6
354.606	41.2966	6
162.709	730.618	6
641.141	17.2863	6
214.244	523.172	6
238.398	292.22	6
562.159	729.148	6
591.754	67.8012	6
355.215	280.182	6
651.372	329.11	6
349.646	549.605	6
66.384	356.168	6
145.598	526.052	6
517.992	610.027	6
457.639	126.756	6
6.05813	391.329	6
484.402	358.336	6
455.464	601.412	6
364.354	296.124	6
642.781	549.071	6
51.2244	110.696	6
35.9582	642.965	6
6.39341	617.137	6
667.807	390.614	6
126.651	590.057	15
731.301	486.74	6
382.244	749.691	6
24.1224	549.355	6
491.028	578.709	6
418.367	196.299	6
719.752	416.853	6
580.423	449.196	6
767.568	349.456	6
233.856	342.83	6
600.004	125.146	6
126.291	649.405	6
272.116	152.03	6
534.954	258.034	6
8.59286	426.94	6
675.31	142.649	6
252.955	595.35	6
646.186	650.194	6
608.078	701.414	6
368.718	321.291	6
498.897	758.73	6
504.207	467.645	6
403.53	332.728	6
56.1789	364.709	6
638.82	324.45	6
695.867	459.05	15
435.252	54.7078	6
322.428	702.881	6
229.692	73.3652	6
181.384	236.278	6
520.333	78.7451	6
377.195	737.422	6
665.443	206.525	6
609.065	489.072	6
106.686	235.125	6
72.4079	609.238	6
213.304	576.116	6
277.155	611.021	6
152.074	368.603	6
241.104	757.319	6
680.607	153.863	6
431.145	373.003	6
170.176	6.02778	6
290.57	412.329	6
73.5272	486.511	6
674.199	638.712	6
533.058	216.144	6
588.404	438.329	6
448.229	439.176	6
185.788	512.652	6
687.478	254.458	15
370.217	101.805	6
36.4363	665.962	6
719.358	191.233	6
176.344	194.301	6
126.304	141.313	6
342.237	584.688	6
538.952	534.361	6
635.98	6.26911	6
179.446	677.693	6
487.419	67.2629	6
524.13	235.064	6
227.558	317.87	6
700.652	662.246	6
16.7766	28.6466	6
445.868	699.865	6
346.201	747.852	6
6.4069	372.978	6
599.902	743.622	6
574.98	67.9145	6
145.505	701.595	6
188.372	442.848	6
509.654	705.974	6
248.707	366.318	6
698.739	399.381	6
274.354	427.359	15
427.224	6.0922	6
664.804	648.784	6
338.165	629.354	6
525.981	366.971	6
677.529	168.722	6
269.704	221.656	6
150.317	316.586	6
598.586	7.90872	6
270.165	352.893	6
55.7598	378.74	6
269.439	257.359	6
99.7434	13.3416	6
180.409	325.699	6
370.532	62.3874	6
682.483	669.357	6
532.568	322.294	6
676.729	431.443	6
221.038	240.228	6
266.688	756.265	6
600.883	144.097	6
108.863	81.1724	6
390.16	325.524	6
385.232	205.657	6
309.151	654.743	6
541.777	400.886	15
294.01	43.2401	6
579.884	362.16	6
71.9285	41.1072	6
675.839	448.961	6
159.237	604.616	6
329.518	690.793	6
131.809	191.862	6
368.851	381.878	6
406.885	620.541	6
365.536	272.955	6
766.187	558.188	6
340.609	370.079	6
27.1599	710.688	6
598.3	363.679	6
610.611	353.744	6
740.428	107.684	6
409.684	604.337	6
489.909	469.596	6
597.279	386.157	6
161.756	751.132	6
164.888	475.874	6
660.608	337.586	6
688.988	281.836	6
695.355	337.963	6
76.4098	254.123	15
581.598	57.7911	6
748.2	147.856	6
451.049	17.8603	6
96.6822	243.489	6
412.157	702.036	6
588.304	340.418	6
42.7173	259.57	6
127.839	507.384	6
749.819	754.36	6
92.3931	156.039	6
753.29	287.702	6
641.287	685.374	6
576.245	554.195	6
155.692	483.896	6
87.129	234.74	6
768.965	621.035	6
277.815	764.587	6
738.272	698.262	6
765.794	68.6381	6
167.351	386.997	6
768.063	767.626	6
697.693	31.561	6
188.897	42.2269	6
525.992	174.239	6
27.0006	607.741	15
285.213	33.5719	6
137.128	148.796	6
670.961	705.95	6
670.131	96.9841	6
439.231	735.697	6
276.809	392.45	6
595.911	584.811	6
391.703	564.276	6
496.841	372.88	6
586.086	688.18	6
758.367	613.825	6
676.606	651.214	6
651.136	141.442	6
722.871	404.269	6
323.727	754.038	6
202.846	605.385	6
57.3515	314.381	6
745.378	708.924	6
241.199	631.859	6
736.588	655.716	6
558.946	256.452	6
301.444	402.198	6
66.5231	690.878	6
172.519	539.854	6
236.61	33.5575	15
420.96	245.583	6
670.291	309	6
99.4381	515.594	6
449.069	56.4204	6
143.333	730.991	6
36.0583	349.816	6
608.077	62.3054	6
655.102	581.635	6
692.174	111.587	6
418.029	729.547	6
760.935	253.169	6
221.347	288.419	6
645.782	252.18	6
147.402	56.2206	6
17.5176	416.06	6
121.939	422.014	6
661.39	6.05286	6
743.877	766.686	6
498.04	417.743	6
47.5621	653.55	6
361.959	53.7684	6
156.855	138.511	6
119.329	88.4082	6
750.391	98.6739	6
206.028	382.253	15
58.6285	210.03	6
646.854	276.516	6
499.534	500.186	6
522.033	626.412	6
530.586	558.663	6
314.786	690.609	6
143.792	199.166	6
699.24	155.259	6
134.753	428.631	6
503.429	193.973	6
294.778	117.974	6
295.451	492.176	6
269.872	369.395	6
618.069	230.594	6
444.021	27.9788	6
597.972	497.133	6
241.356	459.346	6
741.604	724.11	6
207.032	501.212	6
624.767	16.6381	6
219.823	140.708	6
681.65	389.104	6
345.61	619.527	6
514.151	458.665	6
260.665	285.685	15
684.831	592.695	6
407.891	204.16	6
335.503	648.29	6
548.946	150.964	6
85.3083	183.47	6
175.703	689.277	6
670.911	405.339	6
401.354	676.202	6
363.643	619.151	6
403.995	238.128	6
611.738	637.372	6
340.096	527.15	6
277.997	673.831	6
369.244	6.92615	6
398.844	611.299	6
300.361	310.778	6
414.016	653.236	6
476.582	726.15	6
539.761	226.955	6
101.98	612.526	6
445.147	237.501	6
535.446	377.789	6
668.29	177.938	6
228.07	227.703	6
16.0024	653.537	15
460.513	643.7	6
497.638	73.6522	6
394.548	719.932	6
738.997	747.463	6
764.605	337.235	6
579.898	255.734	6
594.614	234.091	6
135.679	296.949	6
143.44	684.1	6
479.153	228.93	6
480.605	97.8626	6
455.098	290.805	6
439.035	363.577	6
495.987	621.074	6
640.736	492.449	6
500.786	332.436	6
324.946	243.247	6
373.909	703.094	6
237.405	309.306	6
687.139	176.676	6
606.444	474.139	6
437.667	445.991	6
694.76	564.126	6
684.101	97.2829	6
439.975	416.662	15
387.083	188.391	6
472.362	48.1632	6
468.512	120.166	6
464.138	207.691	6
6.02884	244.813	6
613.929	547.712	6
609.387	186.729	6
766.177	193.093	6
113.159	208.67	6
556.26	37.8882	6
362.965	350.355	6
531.173	52.0377	6
56.4191	399.537	6
586.725	740.872	6
526.741	301.416	6
345.298	50.6881	6
447.061	42.718	6
128.972	174.523	6
206.986	513.542	6
348.579	184.99	6
9.74297	179.771	6
714.25	625.815	6
364.403	711.933	6
23.4057	458.516	6
90.5204	567.689	15
492.176	525.724	6
124.005	214.649	6
551.504	199.427	6
665.619	369.266	6
114.145	412.166	6
654.247	444.67	6
513.945	338.674	6
482.206	569.53	6
506.377	666.107	6
344.128	34.4616	6
67.5737	342.92	6
184.806	6.59722	6
145.792	560.93	6
695.59	185.567	6
240.975	63.4637	6
746.4	736.855	6
603.613	111.489	6
190.504	333.868	6
226.623	88.9403	6
727.653	376.489	6
530.158	616.009	6
7.81562	219.101	6
216.894	490.205	6
55.2863	666.912	6
388.592	348.893	15
758.452	437.057	6
667.832	193.586	6
416.106	110.232	6
749.902	388.396	6
279.991	249.981	6
469.916	263.919	6
176.726	282.625	6
342.765	389.269	6
604.732	575.494	6
449.52	581.522	6
161.979	215.395	6
421.862	163.249	6
435.224	615.228	6
632.733	521.986	6
575.857	273.617	6
71.7673	582.27	6
690.728	6.26909	6
757.219	376.572	6
107.798	768.745	6
766.969	385.876	6
202.529	421.877	6
612.861	431.631	6
690.195	164.112	6
17.6734	537.963	6
741.706	467.085	15
322.287	114.597	6
724.134	768.598	6
293.953	342.362	6
617.024	175.284	6
75.7754	397.866	6
422.539	148.626	6
187.542	354.12	6
172.359	145.732	6
741.623	294.302	6
156.857	706.935	6
632.388	367.042	6
392.412	491.217	6
745.596	336.134	6
670.402	768.691	6
56.2565	642.777	6
477.896	418.509	6
6.51742	409.752	6
455.29	274.55	6
6.68864	281.236	6
472.288	108.137	6
682.182	119.401	6
259.451	143.149	6
447.067	392.897	6
345.148	413.685	6
660.799	484.74	15
390.709	550.672	6
56.0731	768.947	6
255.393	44.9814	6
327.336	190.878	6
14.6397	381.798	6
67.1518	528.617	6
6.10225	37.6706	6
178.099	436.426	6
368.052	188.1	6
714.777	51.4233	6
271.919	640.22	6
146.337	455.263	6
767.713	604.383	6
87.0782	309.001	6
267.414	15.7951	6
6.71928	632.68	6
585.974	78.9537	6
639.045	88.1656	6
104.727	132.618	6
249.731	131.443	6
522.853	313.091	6
659.533	550.065	6
368.347	41.553	6
226.783	702.524	6
238.794	150.127	15
768.815	506.681	6
17.4066	133.603	6
169.379	38.8432	6
725.144	333.374	6
324.408	213.765	6
378.787	330.172	6
39.4191	169.579	6
425.795	657.508	6
195.667	505.668	6
48.2027	389.36	6
643.739	571.684	6
716.101	550.503	6
349.92	341.358	6
588.436	551.204	6
256.419	21.2545	6
655.561	316.265	6
551.146	700.497	6
408.853	743.567	6
704.549	386.909	6
274.363	268.496	6
526.644	665.413	6
595.37	619.679	6
28.9201	235.604	6
493.991	229.352	6
749.502	516.931	15
654.045	639.905	6
289.696	618.702	6
399.076	630.989	6
170.16	244.7	6
355.895	475.933	6
292.721	289.098	6
740.713	39.4937	6
234.038	366.474	6
30.5838	183.969	6
714.542	322.88	6
445.519	519.726	6
180.761	304.662	6
363.356	220.636	6
528.042	88.2823	6
436.78	510.318	6
613.118	366.878	6
350.542	139.768	6
153.894	6.13449	6
728.438	357.105	6
210.155	353.02	6
18.6045	520.773	6
663.187	758.644	6
565.617	94.3603	6
340.159	572.09	6
269.585	314.51	15
153.024	676.509	6
35.6582	330.983	6
183.055	406.249	6
550.503	735.482	6
454.769	229.122	6
464.667	282.759	6
596.429	50.8798	6
400.565	731.187	6
23.5151	391.408	6
285.033	262.716	6
727.547	315.641	6
52.9358	625.107	6
307.013	622.547	6
701.934	622.706	6
395.398	198.72	6
138.939	500.404	6
101.69	164.721	6
69.1194	274.234	6
540.604	621.91	6
261.96	231.798	6
133.036	660.515	6
494.78	660.839	6
709.098	129.323	6
598.623	766.795	6
513.757	133.007	15
302.529	482.1	6
408.522	289.536	6
330.445	670.454	6
100.281	255.102	6
528.494	504.85	6
458.552	676.081	6
244.318	571.527	6
50.3271	324.644	6
47.7757	612.814	6
173.167	294.591	6
24.633	297.839	6
235.2	562.713	6
118.686	108.281	6
685.403	19.5534	6
78.9012	364.948	6
141.707	344.876	6
65.5064	547.077	6
653.216	368.892	6
460.874	764.97	6
632.774	193.151	6
456.985	309.631	6
74.619	681.727	6
75.6074	174.954	6
282.264	79.3939	6
36.9597	407.567	15
360.939	73.2593	6
735.517	581.863	6
557.349	160.66	6
671.547	462.553	6
151.4	757.68	6
63.9732	302.278	6
340.801	131.108	6
50.9494	191.835	6
543.586	485.88	6
166.157	372.928	6
646.788	628.248	6
627.95	768.057	6
561.864	693.038	6
113.384	36.9179	6
65.9032	164.514	6
524.974	464.964	6
227.163	500.079	6
276.19	6.58658	6
659.757	168.219	6
493.084	29.2994	6
153.4	570.642	6
346.193	468.608	6
677.887	319.089	6
641.817	377.124	6
27.489	47.0416	15
756.39	702.33	6
689.922	617.489	6
681.617	513.047	6
563.303	113.775	6
566.133	611.663	6
290.668	302.326	6
281.612	467.968	6
755.832	550.753	6
474.198	621.559	6
686.748	194.316	6
660.156	104.623	6
699.116	173.154	6
563.618	597.619	6
509.855	507.463	6
214.295	543.061	6
582.114	209.347	6
466.25	473.576	6
54.9913	349.231	6
186.805	638.066	6
459.645	699.127	6
466.144	719.161	6
252.001	731.614	6
409.077	250.111	6
464.897	137.198	6
100.829	373.743	15
318.578	742.711	6
503.458	239.042	6
126.837	305.091	6
78.0092	638.177	6
13.2609	291.699	6
420.299	558.238	6
464.23	98.4025	6
287.267	569.247	6
421.396	450.628	6
380.164	133.633	6
413.718	74.8329	6
61.2794	656.004	6
768.384	465.056	6
93.4719	450.785	6
577.376	236.286	6
99.8822	111.395	6
196.804	646.132	6
371.698	308.87	6
112.623	433.995	6
151.524	96.4456	6
693.291	542.919	6
676.956	416.522	6
586.029	192.151	6
216.448	220.171	6
616.035	593.465	15
349.865	246.841	6
647.195	423.291	6
164.638	636.239	6
100.339	304.493	6
348.292	693.386	6
522.538	484.521	6
24.837	672.678	6
332.811	382.035	6
222.222	440.963	6
45.8702	340.115	6
609.111	17.8657	6
127.713	493.459	6
460.815	747.63	6
693.345	634.469	6
223.408	554.853	6
437.685	602.814	6
39.2536	318.381	6
234.337	203.419	6
199.075	323.691	6
461.213	574.605	6
246.895	207.247	6
201.378	287.671	6
138.211	516.169	6
711.25	337.538	6
205.888	728.588	15
705.641	41.1703	6
751.032	48.0638	6
496.087	401.084	6
48.9047	427.007	6
288.468	225.088	6
270.685	740.534	6
50.5296	249.996	6
283.749	278.691	6
439.076	470.998	6
618.827	160.432	6
210.299	108.75	6
389.595	410.747	6
357.614	509.908	6
160.745	324.639	6
34.0741	365.707	6
290.582	761	6
382.424	254.642	6
73.5328	154.973	6
621.791	89.6711	6
610.798	136.214	6
261.81	34.1295	6
77.0068	331.849	6
351.198	321.144	6
629.117	751.558	6
64.0846	444.016	15
113.788	245.219	6
523.63	532.326	6
668.721	159.482	6
195.902	66.983	6
483.552	258.715	6
456.447	728.963	6
220.464	50.582	6
196.55	302.133	6
164.432	72.813	6
361.637	31.5456	6
193.203	676.298	6
92.5752	269.186	6
251.178	399.467	6
606.741	93.8978	6
366.846	630.91	6
558.172	511.173	6
87.0581	292.463	6
214.073	6.50436	6
466.57	456.641	6
83.3527	164.346	6
733.412	531.348	6
143.058	214.548	6
568.229	357.202	6
550.14	23.8351	6
391.064	114.447	15
51.3459	579.638	6
746.99	131.207	6
72.2008	212.844	6
516.806	673.666	6
254.405	113.491	6
552.834	10.0722	6
624.701	660.105	6
326.222	92.959	6
596.916	25.903	6
566.64	672.402	6
196.718	522.113	6
448.792	340.698	6
764.532	293.617	6
644.23	436.874	6
222.777	252.365	6
542.767	329.187	6
69.6867	560.56	6
448.719	117.58	6
696.501	201.757	6
767.559	168.824	6
374.136	473.078	6
202.317	221.179	6
319.776	510.634	6
311.276	213.367	6
544.567	103.782	15
112.483	725.488	6
624.648	559.218	6
277.735	598.394	6
12.4958	151.622	6
269.457	241.445	6
424.089	83.1365	6
577.942	478.616	6
605.682	242.906	6
585.921	576.462	6
431.2	565.56	6
749.612	6.79754	6
284.591	185.469	6
237.314	595.577	6
670.27	557.918	6
7.67033	438.945	6
637.971	111.061	6
362.794	497.179	6
646.333	671.885	6
295.675	630.414	6
63.2797	571.893	6
166.459	456.467	6
600.135	692.227	6
147.439	392.859	6
169.833	740.434	6
177.396	616.741	15
565.68	150.59	6
633.47	27.3728	6
315.497	100.539	6
629.757	223.182	6
629.033	631.382	6
688.547	524.577	6
767.88	324.873	6
199.489	658.153	6
174.69	468.095	6
528.438	247.931	6
225.997	669.551	6
739.279	71.5065	6
623.64	112.657	6
473.502	768.806	6
100.424	640.966	6
627.251	612.366	6
760.242	478.72	6
627.573	318.749	6
529.999	542.638	6
542.772	430.464	6
365.602	450.746	6
150.387	354.185	6
739.954	380.817	6
184.359	204.209	6
55.7965	735.845	15
416.544	279.53	6
623.001	376.196	6
376.575	458.74	6
456.305	29.758	6
464.726	552.272	6
694.421	319.992	6
406.383	642.631	6
9.20343	232.448	6
202.884	569.473	6
753.629	718.678	6
245.705	339.284	6
419.865	425.323	6
673.866	379.616	6
717.139	119.961	6
580.603	27.843	6
107.122	193.656	6
316.565	765.8	6
529.041	638.49	6
430.214	233.442	6
673.032	127.805	6
729.354	604.495	6
416.784	345.431	6
463.136	439.192	6
591.837	664.666	6
267.714	577.891	15
618.212	480.132	6
153.859	265.404	6
87.6438	81.7024	6
649.823	79.2828	6
224.804	394.13	6
71.6519	312.184	6
579.77	386.373	6
242.203	377.574	6
263.149	669.912	6
565.358	172.918	6
8.11986	529.234	6
703.009	419.287	6
113.184	392.098	6
85.9054	660.847	6
303.22	332.565	6
475.219	143.578	6
30.0773	632.1	6
382.393	147.563	6
720.44	214.101	6
151.148	108.764	6
656.816	258.928	6
439.483	484.891	6
634.197	696.395	6
70.3257	143.091	6
559.907	632.93	15
256.738	611.669	6
416.484	233.725	6
322.884	466.202	6
631.993	385.582	6
401.884	146.288	6
694.412	90.1181	6
299.747	747.105	6
769.052	693.266	6
109.733	664.159	6
95.0664	282.081	6
6.12492	768.923	6
550.447	420.272	6
464.445	414.058	6
328.427	536.663	6
518.762	163.807	6
396.224	35.301	6
763.609	7.28721	6
210.46	230.785	6
511.697	109.327	6
618.361	148.324	6
277.698	557.389	6
251.745	528.869	6
521.963	221.393	6
376.56	623.169	6
118.996	474.042	15
117.936	131.763	6
470.665	657.36	6
556.816	216.773	6
290.984	136.392	6
740.802	17.5911	6
295.299	391.113	6
50.9437	278.713	6
401.084	261.136	6
509.039	154.591	6
358.951	331.26	6
263.397	649.395	6
176.357	521.435	6
372.063	689.16	6
756.308	764.952	6
574.785	84.0607	6
527.261	684.743	6
189.902	260.764	6
523.345	767.693	6
395.54	92.9089	6
129.256	410.82	6
121.837	343.842	6
25.4867	146.019	6
634.421	461.918	6
426.205	354.73	6
614.328	38.2993	15
762.887	102.694	6
641.087	131.246	6
652.323	241.54	6
20.1643	580.225	6
223.018	598.627	6
640.596	744.813	6
448.628	76.3959	6
162.974	286.601	6
66.4321	629.807	6
315.981	185.717	6
315.361	443.523	6
536.512	310.624	6
577.791	429.977	6
769.172	242.821	6
765.931	570.357	6
281.463	728.421	6
689.572	145.601	6
38.4844	504.34	6
344.485	72.7048	6
338.801	608.4	6
650.895	209.76	6
523.666	345.925	6
279.061	750.493	6
603.274	374.837	6
586.259	160.404	15
478.723	127.927	6
577.679	309.67	6
455.18	383.218	6
657.11	381.302	6
599.621	654.401	6
138.802	103.254	6
602.918	74.2838	6
224.549	617.93	6
553.988	572.486	6
699.297	137.196	6
385.001	575.932	6
321.404	131.737	6
115.212	619.483	6
133.51	739.271	6
154.684	691.165	6
108.417	630.287	6
6.25759	692.604	6
130.63	389.613	6
328.922	6.66106	6
18.1467	189.122	6
648.008	227.234	6
234.385	469.946	6
311.186	472.932	6
295.5	98.3864	6
266.73	199.811	15
204.839	669.805	6
768.938	528.138	6
756.471	138.962	6
332.323	104.627	6
56.4141	483.869	6
743.295	161.887	6
365.522	730.719	6
102.142	440.871	6
414.178	440.281	6
455.69	449.88	6
620.717	345.513	6
645.241	101.194	6
6.27601	167.428	6
569.991	339.611	6
223.84	15.5783	6
505.349	449.713	6
715.086	527.023	6
189.225	688.201	6
663.536	535.046	6
765.869	710.145	6
245.96	742.628	6
148.939	596.953	6
756.352	270.785	6
279.028	377.322	6
710.006	734.408	15
13.4401	555.922	6
276.485	695.205	6
615.942	296.584	6
56.849	415.6	6
609.208	338.578	6
471.559	354.342	6
758.568	398.265	6
120.54	184.895	6
328.843	768.56	6
717.578	306.831	6
727.186	129.639	6
276.693	43.0298	6
739.964	306.566	6
339.948	236.429	6
625.07	287.722	6
225.301	686.691	6
61.7229	516.692	6
577.687	750.565	6
45.8461	675.989	6
354.654	629.504	6
158.01	62.6183	6
180.228	154.939	6
466.221	319.158	6
345.775	6.61233	6
305.175	271.494	15
335.655	253.494	6
463.117	612.573	6
369.005	416.682	6
131.535	681.185	6
678.942	739.047	6
201.126	83.7156	6
653.656	289.431	6
545.889	442.212	6
244.997	606.246	6
334.506	596.039	6
419.037	520.438	6
683.224	627.663	6
703.426	348.835	6
163.591	305.979	6
365.743	484.116	6
536.105	675.618	6
767.997	210.396	6
507.318	302.558	6
607.266	615.274	6
230.549	520.315	6
586.787	491.357	6
612.334	453.436	6
712.706	396.605	6
156.306	164.027	6
195.3	462.691	15
768.288	636.933	6
244.88	651.461	6
497.951	148.602	6
247.346	688.941	6
393.947	585.521	6
434.528	215.183	6
463.756	392.874	6
394.925	214.505	6
677.412	274.141	6
54.5096	173.406	6
749.61	603.827	6
634.379	580.178	6
316.815	575.543	6
151.468	424.032	6
722.94	388.69	6
197.009	748.027	6
168.687	404.425	6
579.781	710.412	6
568.404	54.1826	6
545.308	210.256	6
605.279	226.695	6
389.88	267.266	6
580.417	6.43729	6
481.203	520.138	6
257.446	549.637	15
662.109	280.103	6
373.19	506.306	6
43.3078	691.633	6
364.083	205.276	6
377.941	298.047	6
573.873	571.675	6
253.136	756.096	6
94.6528	53.8397	6
666.495	717.13	6
97.6595	480.058	6
174.135	707.382	6
663.527	516.885	6
233.255	489.041	6
511.628	758.206	6
170.08	26.7319	6
523.043	100.733	6
212.485	96.3882	6
610.724	285.147	6
18.3466	162.266	6
487.447	380.722	6
473.337	307.198	6
165.341	682.409	6
273.116	337.048	6
7.15902	140.274	6
271.754	125.382	15
588.89	395.528	6
76.9675	519.699	6
140.936	362.035	6
266.908	704.133	6
316.897	423.587	6
673.844	74.6371	6
545.036	133.732	6
155.183	380.478	6
432.412	195.884	6
547.984	168.37	6
547.839	250.26	6
450.578	739.635	6
174.574	659.368	6
301.678	182.831	6
75.3015	538.243	6
314.595	712.592	6
140.81	381.766	6
444.927	282.944	6
746.169	640.027	6
182.627	271.319	6
319.558	147.014	6
283.549	92.4109	6
242.135	440.386	6
489.606	687.924	6
589.648	292.302	15
105.663	402.523	6
513.366	524.153	6
363.706	654.863	6
440.863	647.016	6
46.9965	513.617	6
426.725	384.73	6
444.276	555.662	6
768.103	115.61	6
84.484	693.829	6
759.638	314.219	6
189.205	315.661	6
404.774	489.161	6
423.015	644.304	6
127.724	118.73	6
616.013	6.67921	6
414.911	667.506	6
425.659	118.506	6
457.506	6.677	6
6.50114	73.2082	6
664.85	84.3623	6
619.388	328.363	6
442.618	329.497	6
83.6659	407.479	6
401.184	226.195	6
396.834	377.954	15
507.763	572.727	6
716.17	155.555	6
325.026	349.567	6
47.8675	495.399	6
454.972	622.039	6
484.469	83.1431	6
557.182	140.957	6
171.27	207.731	6
141.827	117.585	6
286.488	67.9497	6
250.991	184.544	6
340.893	714.877	6
484.61	453.077	6
406.974	100.742	6
654.529	19.9694	6
465.352	374.979	6
582.555	406.784	6
537.69	160.525	6
704.072	573.939	6
635.16	445.669	6
439.284	349.052	6
488.864	217.525	6
484.262	632.095	6
434.397	634.239	6
92.9573	714.236	15
731.79	286.423	6
105.037	292.975	6
214.625	608.961	6
703.725	610.686	6
700.838	597.843	6
569.541	399.53	6
170.248	427.182	6
16.2961	702.573	6
520.551	749.506	6
481.977	395.276	6
392.611	136.82	6
758.057	126.166	6
338.592	457.406	6
757.86	730.283	6
367.609	746.4	6
719.374	292.692	6
258.669	63.2592	6
532.365	492.652	6
642.088	471.324	6
337.623	558.519	6
244.45	105.81	6
155.415	446.733	6
563.441	204.289	6
355.86	389.808	6
136.686	76.4811	15
13.4029	591.312	6
196.898	5.95684	6
709.635	588.968	6
485.322	649.067	6
573.091	17.7714	6
642.588	504.961	6
269.695	167.374	6
562.752	26.7818	6
656.28	415.445	6
426.68	183.253	6
200.045	697.552	6
344.603	310.424	6
362.694	113.362	6
547.03	756.721	6
507.639	726.041	6
26.9876	529.559	6
527.099	286.062	6
512.078	438.097	6
51.9951	228.591	6
329.883	617.818	6
209.319	150.46	6
307.513	516.122	6
335.723	58.8582	6
476.876	182.177	6
452.986	186.793	15
357.27	642.203	6
121.243	672.766	6
233.032	449.578	6
27.8665	759.848	6
410.889	548.832	6
722.89	477.521	6
326.057	450.964	6
742.563	59.3646	6
124.673	15.9657	6
245.379	427.893	6
630.505	500.327	6
638.933	163.617	6
190.444	226.614	6
203.26	684.302	6
389.415	666.018	6
118.385	759.546	6
550.976	232.004	6
663.073	30.7215	6
670.897	661.867	6
736.692	367.562	6
475.811	697.046	6
6.35416	710.617	6
407.675	720.98	6
701.999	552.688	6
746.238	237.007	15
210.593	594.67	6
700.878	103.021	6
767.924	133.846	6
290.415	196.604	6
80.8068	624.099	6
83.1108	145.268	6
526.535	650.331	6
382.326	442.056	6
674.42	286.483	6
340.419	662.514	6
554.02	768.385	6
563.527	580.298	6
678.27	185.009	6
549.584	654.53	6
719.732	538.228	6
97.8142	184.915	6
357.832	11.6555	6
254.82	331.387	6
149.3	494.156	6
524.813	205.297	6
355.029	609.35	6
337.022	163.848	6
489.214	722.99	6
589.619	353.79	6
188.671	102.457	15
206.561	18.2571	6
100.85	32.8942	6
610.719	768.132	6
227.972	378.183	6
638.21	214.442	6
167.554	718.113	6
387.678	452.839	6
717.67	613.233	6
40.6321	118.547	6
314.839	541.598	6
317.477	664.582	6
451.614	652.889	6
46.642	129.055	6
638.817	640.196	6
504.577	99.0012	6
758.409	744.699	6
86.1923	63.101	6
42.6842	706.732	6
81.1477	320.045	6
337.9	681.585	6
499.748	480.139	6
628.791	100.686	6
195.646	627.453	6
662.734	231.657	6
713.58	235.58	15
22.8649	225.067	6
123.036	365.219	6
134.213	130.433	6
505.429	768.871	6
15.8795	314.344	6
48.0985	758.573	6
228.321	172.455	6
41.9942	287.583	6
108.712	101.234	6
597.987	430.507	6
27.2561	321.227	6
152.527	662.576	6
417.446	311.714	6
487.903	285.556	6
522.164	445.791	6
518.74	567.641	6
707.86	637.323	6
150.42	44.452	6
51.8304	714.744	6
60.8853	35.1535	6
215.889	81.4035	6
63.1608	471.538	6
270.069	74.3292	6
6.69277	336.9	6
189.437	588.812	15
43.2947	181.94	6
111.777	174.802	6
84.6434	479.087	6
495.47	566.859	6
768.941	305.749	6
214.386	451.05	6
21.5511	174.939	6
330.754	203.426	6
224.916	354.064	6
162.723	254.889	6
450.04	355.899	6
374.639	493.13	6
84.388	588.532	6
581.77	95.4953	6
179.325	748.484	6
647.154	174.427	6
152.515	23.113	6
355.211	232.397	6
501.328	115.77	6
67.4044	407.416	6
371.868	286.139	6
136.468	400.525	6
488.418	487.639	6
551.065	670.714	6
102.092	743.883	15
145.594	475.317	6
296.413	509.002	6
192.292	414.796	6
356.889	740.52	6
489.863	511.363	6
758.748	660.01	6
585.161	320.252	6
563.837	564.207	6
545.781	59.8357	6
592.683	755.267	6
561.12	239.16	6
486.7	334.844	6
242.911	478.794	6
210.843	264.504	6
153.492	246.156	6
666.627	440.63	6
106.415	322.981	6
14.8951	400.893	6
231.261	578.912	6
664.827	609.776	6
436.029	712.224	6
297.176	425.384	6
574.465	416.667	6
91.9531	22.5086	6
473.956	639.23	6
713.554	669.509	6
492.475	308.522	6
88.1616	356.883	6
357.156	424.567	6
381.287	233.306	15
440.228	315.478	6
736.788	121.918	6
562.762	191.124	6
133.475	335.864	6
112.963	705.821	6
664.319	246.722	6
25.6196	355.933	6
14.9993	506.635	6
631.542	736.473	6
318.339	292.888	6
642.158	338.427	6
749.019	366.493	6
268.677	683.498	6
635.867	397.436	6
465.512	37.7484	6
515.803	395.973	6
729.681	689.885	6
89.6239	338.111	6
90.3662	492.941	6
702.388	371.969	6
82.5232	278.002	6
97.4081	74.5503	6
179.946	340.469	6
487.436	51.037	6
383.342	645.61	15
45.2914	149.407	6
88.3574	508.943	6
146.382	632.658	6
425.874	66.8236	6
212.894	432.042	6
717.952	139.387	6
548.511	318.538	6
162.437	562.639	6
371.729	429.864	6
643.443	358.853	6
240.528	353.678	6
695.578	305.981	6
523.426	597.13	6
520.217	551.128	6
411.143	760.662	6
328.634	715.677	6
501.314	516.802	6
114.274	651.975	6
661.155	357.916	6
731.518	271.226	6
616.557	625.057	6
144.697	256.693	6
449.794	478.451	6
242.255	194.313	6
563.682	535.436	15
17.317	120.41	6
499.505	250.926	6
641.313	531.426	6
93.5495	397.392	6
688.028	657.252	6
274.242	179.129	6
243.362	268.92	6
585.84	460.21	6
682.609	496.249	6
671.253	678.577	6
497.242	358.835	6
598.522	542.898	6
644.209	704.004	6
125.555	153.815	6
26.6674	111.761	6
397.197	279.192	6
305.327	568.444	6
722.593	90.5763	6
99.1654	204.458	6
277.775	231.588	6
374.885	265.024	6
400.667	767.201	6
664.159	735.139	6
337.849	15.9808	6
751.212	680.743	15
215.59	324.179	6
595.279	451.619	6
134.405	24.5901	6
641.241	149.272	6
353.15	63.3797	6
198.886	238.029	6
570.923	215.347	6
393.751	155.407	6
759.758	56.5084	6
559.586	347.71	6
493.084	322.747	6
315.27	251.138	6
210.781	278.045	6
16.4905	718.273	6
64.1119	131.812	6
421.346	468.063	6
156.778	521.564	6
78.6982	72.7335	6
724.305	633.411	6
261.983	632.115	6
150.088	614.092	6
194.027	709.023	6
444.747	150.999	6
505.437	82.9861	6
576.378	130.263	15
657.986	397.759	6
17.2192	365.326	6
519.422	714.819	6
273.347	456.025	6
687.751	575.724	6
407.104	303.871	6
326.526	370.006	6
470.87	429.664	6
399.354	313.603	6
158.357	502.413	6
310.972	634.352	6
551.41	357.773	6
195.412	539.464	6
342.002	330.351	6
346.761	171.672	6
360.11	436.784	6
631.057	677.801	6
507.131	365.84	6
89.2891	614.292	6
742.164	401.907	6
511.777	208.149	6
110.419	510.339	6
682.923	535.977	6
182.583	138.986	6
306.161	79.4263	15
644.846	453.937	6
544.235	685.333	6
633.999	651.948	6
732.713	344.783	6
363.077	697.412	6
740.294	595.263	6
211.778	558.431	6
65.2963	324.008	6
258.608	374.498	6
374.97	157.513	6
560.197	661.262	6
177.808	395.184	6
319.991	523.883	6
407.08	271.865	6
154.837	534.209	6
528.225	740.204	6
49.8432	593.49	6
39.4622	584.873	6
343.755	499.402	6
92.0752	173.241	6
360.677	177.232	6
586.166	765.93	6
552.364	337.722	6
593.193	181.041	6
335.386	423.396	6
626.971	406.32	6
258.42	162.501	6
233.225	748.029	6
541.069	745.55	6
686.304	77.8919	6
310.39	322.662	6
465.161	236.724	6
63.7699	675.878	6
45.9849	358.214	6
559.15	429.687	6
148.916	174.007	6
304.267	297.127	6
362.211	368.622	6
147.98	509.115	6
768.929	490.387	6
260.794	176.054	6
707.911	540.756	6
329.167	154.414	6
175.178	79.9671	6
384.961	165.689	6
244.374	253.767	6
662.555	567.287	6
381.012	419.652	6
747.877	621.627	6
410.371	529.715	6
710.726	654.884	6
663.77	452.934	6
285.074	481.39	6
396.401	420.823	6
48.0344	305.822	6
654.644	92.807	6
7.34351	58.1336	6
395.948	477.522	6
506.769	381.344	6
198.537	160.15	6
109.421	343.43	6
62.4469	16.0694	6
197.209	362.666	6
30.6561	76.1266	6
329.021	490.984	6
379.611	611.284	6
656.36	769.007	6
215.956	402.156	6
232.296	431.876	6
328.546	329.253	6
117.633	313.315	6
215.048	660.722	6
699.427	274.979	6
166.248	529.117	6
376.641	370.812	6
656.426	463.801	6
81.2218	31.4139	6
570.574	651.716	6
501.352	218.178	6
440.873	66.1865	6
233.569	112.968	6
245.102	517.849	6
285.229	664.204	6
654.364	742.645	6
648.855	715.259	6
619.046	744.439	6
243.715	119.748	6
166.022	511.706	6
139.836	671.043	6
236.444	183.387	6
735.362	325.013	6
216.124	470.309	6
59.5161	89.0081	6
107.112	694.623	6
123.431	732.057	6
404.941	44.0032	6
624.835	423.556	6
222.591	271.306	6
560.324	310.034	6
205.025	335.457	6
73.2522	657.752	6
564.553	500.646	6
324.283	282.175	6
419.321	367.112	6
67.3059	369.897	6
492.993	103.278	6
38.9767	103.577	6
104.482	595.301	6
609.105	735.444	6
60.8636	48.825	6
200.299	489.485	6
574.428	465.028	6
223.656	739.83	6
213.309	28.6017	6
569.353	248.702	6
759.206	535.768	6
686.606	727.341	6
721.428	579.301	6
195.267	211.046	6
16.2809	468.706	6
80.4944	222.477	6
303.966	109.322	6
636.927	289.878	6
369.275	338.627	6
414.313	498.377	6
387.945	288.762	6
220.418	586.426	6
290.153	533.747	6
65.4588	495.472	6
291.315	354.324	6
548.36	520.975	6
120.785	716.659	6
721.71	680.831	6
729.849	423.69	6
157.177	466.182	6
709.325	767.354	6
90.4987	103.571	6
50.2273	98.1823	6
450.083	491.163	6
669.274	348.54	6
542.268	366.35	6
16.8014	735.215	6
113.327	355.896	6
85.6161	439.579	6
481.906	39.8992	6
281.848	144.35	6
692.715	232.984	6
77.8892	550.81	6
199.797	272.552	6
650.919	561.191	6
82.9541	734.088	6
424.499	578.097	6
223.446	567.713	6
207.981	210.415	6
38.6196	91.1055	6
732.461	411.807	6
413.727	54.2304	6
620.8	691.809	6
255.194	418.319	6
717.632	758.201	6
588.942	701.536	6
619.665	277.017	6
233.828	99.6168	6
206.401	618.506	6
137.431	485.002	6
315.686	28.0372	6
18.0189	69.1416	6
377.026	51.6642	6
43.6089	455.512	6
22.9563	565.828	6
116.065	498.985	6
235.621	660.541	6
594.737	731.139	6
718.794	39.9687	6
74.5789	724.498	6
424.997	47.3297	6
388.714	620.072	6
759.662	454.947	6
553.017	124.405	6
389.062	603.794	6
