170.685	104.929	15
440.885	415.32	15
330.769	251.008	15
477.611	36.9045	15
757.102	690.472	15
730.669	278.251	15
249.11	636.711	15
759.982	77.0264	15
350.735	316.392	15
600.469	542.662	15
604.742	16.4948	15
664.963	299.989	15
559.935	590.021	15
46.1045	638.72	15
548.854	395.306	15
450.622	691.914	15
553.616	90.7126	15
341.749	92.6786	15
339.016	15.372	15
90.5353	364.776	15
722.994	79.4531	15
627.8	245.357	15
759.292	583.379	15
292.172	270.566	15
160.346	136.811	15
119.875	57.1834	15
187.974	745.79	15
400.947	729.655	15
575.812	377.05	15
630.118	297.239	15
37.9246	331.041	15
264.055	492.134	15
399.583	495.735	15
629.776	758.616	15
569.346	743.822	15
345.414	473.404	15
74.7732	138.039	15
694.317	17.1775	15
17.0037	205.188	15
294.107	177.344	15
376.611	344.889	15
246.549	555.24	15
363.365	641.364	15
548.619	129.801	15
225.985	418.621	15
395.141	317.615	15
760.04	624.233	15
132.768	407.763	15
397.021	690.254	15
408.674	185.757	15
715.224	713.869	15
644.848	730.554	15
75.1983	585.482	15
64.4906	54.6378	15
58.7897	308.475	15
318.681	403.03	15
651.944	549.875	15
203.214	260.495	15
365.94	28.5556	15
401.171	645.61	15
419.385	756.592	15
161.592	420.691	15
647.523	269.173	15
67.179	208.04	15
219.163	449.816	15
380.512	172.079	15
351.908	273.052	15
144.335	480.259	15
102.306	161.157	15
576.321	242.702	15
440.372	80.591	15
624.233	358.85	15
577.944	67.4433	15
616.74	194.191	15
122.976	201.16	15
14.8313	515.594	15
204.413	180.228	15
158.438	50.9895	15
455.389	202.95	15
285.713	699.559	15
608.552	682.028	15
67.1209	167.916	15
240.731	167.428	15
655.515	372.052	15
374.381	430.725	15
551.865	51.4697	15
478.822	407.405	15
412.902	343.329	15
497.466	252.245	15
523.902	591.878	15
428.1	564.58	15
293.127	636.23	15
748.76	472.349	15
733.474	425.391	15
639.094	216.362	15
331.114	499.85	15
135.719	440.75	15
689.532	321.586	15
645.824	584.992	15
729.197	228.536	15
213.633	488.176	15
275.456	741.028	15
82.0579	616.463	15
250.203	590.293	15
60.9141	735.221	15
350.213	525.31	15
530.306	690.282	15
408.441	424.192	15
383.429	207.02	15
116.54	258.96	15
472.905	498.732	15
19.0924	586.134	15
137.558	733.668	15
189.006	42.4358	15
484.312	123.652	15
250.252	680.072	15
582.61	517.348	15
582.195	705.332	15
403.666	84.0955	15
536.191	478.433	15
18.573	95.1097	15
240.374	471.307	15
15.7201	546.374	15
221.695	382.405	15
89.1388	316.067	15
644.167	618.627	15
45.5959	679.289	15
355.877	190.261	15
611.656	593.158	15
265.365	323.873	15
678.438	532.347	15
281.137	463.359	15
258.737	68.3324	15
458.22	661.706	15
133.046	233.581	15
375.305	98.9579	15
385.809	611.91	15
604.646	385.358	15
394.641	14.9484	15
41.3896	494.554	15
317.447	694.092	15
277.707	358.855	15
596.404	652.56	15
612.814	415.424	15
427.799	108.863	15
755.954	360.757	15
600.475	221.615	15
114.911	89.6588	15
286.964	543.77	15
759.831	397.764	15
15.2067	351.44	15
485.108	328.939	15
164.281	356.752	15
758.134	552.771	15
304.126	758.758	15
203.222	631.815	15
705.497	458.217	15
340.651	439.123	15
326.196	138.386	15
136.555	28.9316	15
214.809	150.52	15
314.115	33.2736	15
296.019	435.303	15
192.285	559.361	15
183.409	158.791	15
156.414	213.331	15
431.737	639.643	15
563.584	545.699	15
231.164	513.53	15
302.277	485.667	15
557.103	501.379	15
434.171	445.094	15
191.224	660.753	15
172.775	536.164	15
42.0075	260.567	15
571.495	280.396	15
379.407	142.069	15
301.48	667.199	15
523.778	449.95	15
453.522	15.8899	15
567.508	635.583	15
247.598	137.334	15
449.456	51.4894	15
723.628	633.486	15
525.838	236.002	15
288.518	301.385	15
745.057	723.792	15
707.05	202.33	15
643.059	134.642	15
727.115	680.221	15
452.789	531.649	15
155.836	759.457	15
654.628	508.674	15
660.261	462.857	15
164.417	306.322	15
495.984	743.424	15
140.829	694.126	15
146.093	600.971	15
711.254	108.105	15
457.943	465.06	15
390.972	47.3873	15
43.3056	362.707	15
759.102	751.345	15
521.409	639.305	15
99.7434	522.798	15
489.861	525.612	15
200.851	718.106	15
476.075	67.9828	15
393.903	371.859	15
544.18	615.634	15
661.802	239.116	15
529.604	71.8185	15
158.746	669.53	15
683.321	81.7864	15
16.4429	424.086	15
569.086	322.612	15
416.182	602.202	15
730.223	382.02	15
590.867	437.885	15
232.86	730.223	15
92.3035	730.184	15
531.084	367.797	15
691.514	132.094	15
398.891	236.203	15
446.523	134.396	15
66.3436	341.129	15
399.592	575.282	15
404.506	544.262	15
487.053	283.069	15
606.777	466.408	15
685.041	435.03	15
67.3021	279.618	15
235.473	47.8232	15
620.466	70.4737	15
503.383	53.9091	15
16.9598	625.048	15
33.5296	452.205	15
181.723	691.466	15
498.899	615.077	15
133.935	171.98	15
749.056	190.579	15
557.877	351.916	15
44.768	77.29	15
92.3773	483.064	15
426.087	711.329	15
197.183	303.159	15
362.942	244.495	15
567.907	678.619	15
384.951	401.608	15
724.451	27.839	15
472.178	721.84	15
686.007	490.475	15
365.53	68.1931	15
354.738	120.893	15
609.946	502.384	15
323.528	623.356	15
665.581	29.9061	15
165.079	720.48	15
122.368	310.69	15
457.104	621.179	15
270.409	615.201	15
95.9748	681.296	15
99.9243	645.536	15
507.475	495.529	15
364.977	496.649	15
503.331	16.9821	15
466.36	435.512	15
531.784	28.1258	15
504.717	146.373	15
110.154	339.434	15
579.43	407.947	15
70.7838	507.11	15
466.785	258.242	15
499.435	570.768	15
600.24	133.742	15
399.267	118.38	15
756.335	504.172	15
755.625	153.491	15
423.997	518.582	15
598.958	759.921	15
227.579	316.83	15
50.3913	605.321	15
731.005	568.904	15
635.902	396.118	15
688.902	729.771	15
708.913	546.647	15
338.53	53.0766	15
245.914	17.3079	15
339.698	718.705	15
571.828	148.946	15
91.4757	190.402	15
208.769	66.8627	15
672.079	203.976	15
183.816	331.617	15
723.709	751.035	15
324.915	170.162	15
321.047	372.082	15
16.1399	243.875	15
169.825	581.803	15
648.724	83.7552	15
585.395	610.929	15
594.24	172.626	15
644.04	51.8177	15
156.751	255.332	15
42.0955	759.602	15
415.6	144.034	15
196.596	602.165	15
193.489	126.864	15
60.8175	431.725	15
466.85	759.491	15
290.294	14.95	15
143.782	643.086	15
438.239	163.933	15
102.784	561.293	15
759.182	17.4262	15
629.02	655.373	15
567.092	456.604	15
722.559	487.324	15
557.31	177.812	15
672.505	600.84	15
177.107	278.998	15
675.762	349.348	15
94.8689	114.544	15
533.324	157.839	15
478.005	229.294	15
85.5034	759.651	15
223.431	234.592	15
657.618	673.945	15
383.747	758.247	15
504.073	352.824	15
18.4903	387.447	15
220.862	576.288	15
40.0251	153.575	15
318.858	538.663	15
282.653	211.557	15
375.239	551.224	15
445.066	280.524	15
73.6228	540.733	15
424.742	670.438	15
636.603	16.5192	15
92.5771	42.6584	15
83.4468	250.353	15
258.569	713.501	15
171.162	621.823	15
695.88	619.735	15
224.43	696.755	15
196.221	402.994	15
504.509	213.172	15
580.494	36.468	15
23.5983	126.082	15
253.652	387.691	15
703.31	656.92	15
701.775	52.6218	15
373.076	294.845	15
740.768	334.172	15
356.689	744.921	15
320.475	306.417	15
327.725	591.012	15
351.778	408.517	15
480.517	184.191	15
302.016	725.519	15
119.819	498.822	15
335.341	657.139	15
717.853	159.895	15
630.315	702.688	15
283.526	86.571	15
319.196	200.467	15
690.492	228.169	15
302.392	336.396	15
554.292	221.287	15
621.911	110.444	15
163.404	183.422	15
498.276	432.266	15
69.8154	20.6222	15
147.96	517.733	15
190.134	434.424	15
453.673	342.443	15
115.887	754.833	15
242.425	93.9366	15
140.278	113.717	15
61.9979	471.995	15
212.013	346.892	15
666.531	111.769	15
577.9	200.13	15
432.432	366.986	15
343.369	220.636	15
477.139	592.257	15
468.573	154.837	15
290.283	513.253	15
245.661	353.658	15
271.91	414.992	15
72.2312	706.125	15
15.7073	173.663	15
723.235	308.707	15
316.141	76.9327	15
387.406	265.467	15
515.557	544.215	15
671.95	398.447	15
655.222	426.876	15
594.798	303.644	15
759.145	220.325	15
552.74	426.631	15
15.2191	274.298	15
608.856	269.316	15
15.83	16.3987	15
699.496	287.987	15
444.072	737.107	15
189.115	470.68	15
178.482	75.0452	15
736.073	530.731	15
128.491	367.454	15
734.211	602.499	15
121.167	621.047	15
217.625	758.188	15
293.233	57.4132	15
276.102	243.756	15
200.081	96.2916	15
708.519	253.149	15
344.049	562.061	15
503.401	389.033	15
591.788	349.639	15
679.057	264.07	15
419.363	58.0014	15
679.901	570.976	15
72.2527	657.456	15
263.76	188.109	15
248.446	260.823	15
66.3098	384.097	15
100.018	287.584	15
361.311	373.465	15
351.551	610.892	15
624.447	563.103	15
705.561	589.118	15
756.214	256.837	15
411.842	465.989	15
645.901	181.808	15
170.581	495.287	15
378.281	462.685	15
511.177	305.675	15
294.908	597.331	15
217.986	543.855	15
82.7071	410.972	15
85.1852	76.9537	15
687.882	177.782	15
462.731	306.358	15
541.362	723.532	15
162.813	454.19	15
496.465	93.9972	15
317.087	458.09	15
373.65	711.477	15
201.485	211.209	15
42.6493	405.333	15
706.984	407.179	15
85.167	451.363	15
712.114	344.948	15
293.119	130.427	15
191.625	372.362	15
532.711	198.757	15
488.687	470.369	15
314.624	106.984	15
21.3327	57.8709	15
61.9619	108.2	15
583.92	486.449	15
222.7	117.955	15
274.699	572.251	15
758.912	443.61	15
40.7333	34.7003	15
16.2203	739.193	15
462.735	102.638	15
418.489	394.869	15
480.342	686.018	15
506.146	669.249	15
229.788	196.75	15
39.143	714.469	15
700.022	375.241	15
15.4456	693.682	15
597.39	91.4484	15
106.789	391.143	15
618.049	324.88	15
423.207	28.0221	15
160.241	387.233	15
521.013	117.343	15
445.874	591.306	15
147.929	82.9632	15
629.435	528.262	15
475.357	363.697	15
420.286	213.898	15
249.527	759.331	15
432.374	318.937	15
648.629	327.212	15
754.989	656.929	15
254.849	443.947	15
757.758	305.237	15
45.591	524.832	15
636.385	483.842	15
670.256	759.924	15
114.196	462.12	15
196.046	515.584	15
254.138	294.883	15
622.211	159.822	15
28.9441	301.548	15
522.918	414.268	15
505.968	714.328	15
352.971	158.739	15
271.637	156.428	15
444.18	233.69	15
112.379	707.223	15
349.633	687.343	15
666.966	153.737	15
44.3647	188.414	15
632.127	448.324	15
169.958	17.0275	15
436.562	487.747	15
545.785	658.122	15
473.213	553.929	15
43.2748	568.14	15
305.255	233.425	15
145.911	332.666	15
136.326	283.419	15
149.971	558.826	15
575.708	115.182	15
587.748	573.062	15
382.451	521.111	15
742.955	103.434	15
268.32	37.471	15
124.154	668.795	15
733.045	132.908	15
43.8291	228.011	15
97.8426	220.61	15
272.419	658.51	15
510.139	178.581	15
367.894	581.73	15
539.062	565.524	15
610.781	726.166	15
706.383	514.595	15
258.73	526.202	15
523.513	274.401	15
226.816	612.044	15
125.7	140.114	15
109.194	16.5892	15
670.844	640.179	15
116.506	589.662	15
548.594	255.759	15
482.501	640.881	15
744.991	49.6854	15
339.807	345.984	15
250.935	221.05	15
223.457	284.025	15
182.791	237.175	15
666.136	708.177	15
15.5124	477.334	15
215.244	24.9609	15
267.409	113.277	15
306.322	567.683	15
687.338	682.981	15
613.287	627.265	15
454.98	388.74	15
126.301	538.505	15
224.052	658.842	15
289.519	388.867	15
423.268	257.196	15
539.797	526.517	15
531.937	333.933	15
542.773	299.99	15
108.172	427.186	15
416.364	291.423	15
375.231	669.348	15
526.938	758.918	15
20.5065	660.037	15
