582.67	640.991	15
30.6268	576.986	15
579.037	465.893	15
658.888	70.7704	15
358.17	470.263	15
402.181	422.025	15
601.109	487.603	15
634.318	90.2506	15
734.841	478.476	15
436.418	578.456	15
648.269	349.206	15
617.542	593.251	15
758.654	147.196	15
699.2	254.402	15
141.089	540.675	15
613.086	759.328	15
461.158	735.692	15
585.791	279.89	15
339.783	441.093	15
359.794	670.781	15
165.529	15.3959	15
380.802	43.3601	15
539.683	239.319	15
115.146	524.552	15
759.788	544.199	15
256.373	649.967	15
146.246	196.027	15
441.355	74.0163	15
339.393	354.138	15
363.55	418.619	15
245.027	233.383	15
399.974	716.091	15
228.233	258.514	15
225.334	542.456	15
690.473	573.356	15
488.2	105.228	15
585.392	86.1316	15
122.46	346.886	15
274.754	219.075	15
109.531	285.108	15
20.6058	373.86	15
85.6406	109.684	15
517.953	573.609	15
207.803	79.1481	15
207.182	648.837	15
588.002	360.444	15
126.194	218.958	15
318.626	290.56	15
510.376	525.385	15
95.636	449.07	15
313.35	573.263	15
573.087	161.482	15
650.245	677.319	15
553.576	185.728	15
102.425	554.839	15
413.645	176.056	15
181.103	586.905	15
274.161	715.358	15
395.34	530.87	15
16.3013	548.138	15
393.691	565.128	15
192.093	466.761	15
15.7168	506.785	15
54.6759	558.735	15
311.221	169.109	15
159.177	724.35	15
736.287	732.983	15
79.7547	578.535	15
678.958	662.794	15
71.5409	22.3174	15
499.011	451.988	15
154.401	680.698	15
282.046	476.891	15
591.126	700.225	15
292.423	648.757	15
452.755	687.38	15
501.354	648.947	15
404.602	501.979	15
441.329	428.158	15
257.495	750.748	15
645.127	490.387	15
641.893	615.039	15
442.715	760.021	15
482.635	323.645	15
596.196	528	15
318.802	330.664	15
249.651	605.507	15
224.828	587.031	15
299.547	79.5887	15
454.786	639.618	15
759.425	185.264	15
568.087	427.476	15
87.001	217.66	15
179.005	418.441	15
680.129	527.694	15
421.764	550.45	15
269.318	287.768	15
375.179	733.944	15
212.159	169.536	15
265.117	129.188	15
623.82	693.67	15
385.415	153.924	15
528.993	634.111	15
711.145	104.562	15
749.238	424.925	15
684.721	701.171	15
600.065	442.496	15
376.099	644.1	15
674.304	619.13	15
341.987	644.946	15
402.607	67.7541	15
461.048	597.306	15
306.201	17.1839	15
596.195	570.841	15
164.407	171.624	15
658.298	28.3154	15
38.0495	347.313	15
193.961	527.629	15
184.862	149.194	15
633.754	130.218	15
574.164	549.22	15
38.1812	429.753	15
260.639	397.7	15
311.497	204.958	15
210.869	710.424	15
15.1807	608.876	15
743.538	357.587	15
509.682	262.398	15
538.063	323.101	15
78.4928	620.986	15
446.628	16.3455	15
689.31	445.073	15
319.186	114.402	15
247.167	485.059	15
241.967	153.694	15
682.629	48.6889	15
662.547	758.711	15
529.846	158.494	15
344.717	96.6826	15
392.335	617.619	15
15.3766	404.246	15
461.49	48.7975	15
63.1929	196.25	15
270.84	584.21	15
510.341	344.406	15
442.17	188.742	15
394.468	329.939	15
637.869	739.964	15
468.677	170.237	15
480.167	759.604	15
272.073	336.51	15
110.22	246.001	15
335.09	598.795	15
384.852	689.336	15
719.512	19.5644	15
495.797	733.733	15
416.736	208.832	15
759.299	500.273	15
395.993	233.013	15
274.976	159.81	15
612.61	722.391	15
267.913	254.536	15
286.283	188.164	15
205.838	15.4463	15
357.072	760.026	15
16.3327	642.855	15
287.387	108.303	15
40.7078	702.389	15
665.514	465.726	15
576.997	595.227	15
579.102	329.946	15
611.465	158.901	15
532.023	547.041	15
642.372	161.539	15
49.5425	166.343	15
317.537	666.737	15
135.659	570.418	15
142.14	428.338	15
64.1436	370.854	15
534.998	371.986	15
309.886	502.791	15
297.902	696.18	15
602.75	310.646	15
553.471	524.464	15
75.1113	337.688	15
434.958	612.975	15
680.218	207.693	15
17.0102	453.09	15
753.008	672.741	15
628.763	16.9326	15
108.441	193.285	15
665.387	239.076	15
73.6333	70.5389	15
712.301	144.179	15
478.439	474.525	15
529.324	58.1996	15
216.318	45.6891	15
759.432	103.673	15
427.287	481.881	15
622.39	511.3	15
151.072	278.433	15
332.167	64.8108	15
420.804	347.471	15
552.568	480.77	15
293.764	398.682	15
470.404	352.847	15
667.678	419.901	15
585.15	747.203	15
538.805	597.737	15
74.1507	295.693	15
285.039	556.84	15
371.111	510.322	15
634.475	321.003	15
606.856	258.346	15
108.878	482.286	15
51.8123	270.712	15
758.719	331.315	15
313.533	424.412	15
758.766	67.5058	15
175.43	258.989	15
499.317	685.798	15
612.228	380.438	15
338.792	493.861	15
299.291	141.586	15
293.404	311.604	15
408.791	591.293	15
111.349	24.2656	15
349.269	38.1519	15
356.91	126.372	15
321.219	466.141	15
617.488	349.586	15
700.021	637.412	15
708.716	223.278	15
340.475	734.294	15
296.084	448.854	15
186.654	39.207	15
362.937	71.2881	15
418.437	690.6	15
556.519	759.911	15
15.1771	103.424	15
336.933	403.002	15
706.493	510.239	15
510.187	311.031	15
546.603	23.5499	15
467.23	130.632	15
564.113	303.058	15
426.168	400.756	15
159.754	393.634	15
722.058	446.341	15
360.234	241.128	15
180.137	626.532	15
317.745	543.216	15
708.657	719.964	15
454.201	497.806	15
757.553	456.949	15
672.545	320.98	15
152.341	639.703	15
45.9529	629.442	15
106.617	639.231	15
758.728	640.635	15
736.735	521.994	15
133.381	458.497	15
240.532	345.7	15
87.829	165.773	15
76.1568	423.346	15
402.83	286.751	15
310.796	725.049	15
64.9827	241.933	15
703.167	472.737	15
17.1607	681.728	15
199.304	679.116	15
154.846	362.158	15
553.409	270.294	15
275.763	674.01	15
144.798	247.625	15
552.246	137.667	15
732.13	697.046	15
503.959	221.714	15
274.147	624.368	15
408.797	375.299	15
297.558	47.8833	15
664.082	554.596	15
15.2525	719.046	15
60.5204	759.708	15
474.971	75.9654	15
566.533	719.949	15
758.701	20.3836	15
234.001	513.367	15
292.072	527.036	15
484.298	379.616	15
29.5054	243.797	15
516.712	758.973	15
200.176	280.987	15
205.066	436.808	15
39.2659	528.405	15
127.879	377.306	15
635.094	47.4385	15
231.789	669.711	15
28.3951	292.171	15
642.749	439.893	15
377.426	445.503	15
448.32	331.946	15
517.765	712.543	15
99.7987	53.1659	15
490.229	587.472	15
450.187	460.841	15
15.4609	181.07	15
461.776	220.334	15
474.067	663.039	15
735.537	561.999	15
507.768	80.058	15
177.356	301.765	15
111.361	412.466	15
219.468	199.645	15
736.508	125.148	15
642.844	263.717	15
601.459	224.84	15
713.994	336.67	15
145.077	38.9061	15
318.293	624.717	15
610.623	68.1485	15
416.338	636.82	15
270.207	29.8742	15
87.1089	742.448	15
738.314	44.3371	15
545.771	448.265	15
112.397	759.981	15
84.3597	265.527	15
342.555	311.527	15
363.719	333.929	15
364.907	210.832	15
650.095	213.019	15
509.279	610.951	15
524.138	668.707	15
661.089	107.028	15
491.485	416.596	15
157.659	99.5219	15
385.6	395.88	15
166.239	448.583	15
377.961	183.272	15
510.97	127.005	15
623.311	647.854	15
112.305	725.399	15
167.149	486.827	15
225.623	460.314	15
53.9011	600.197	15
759.319	757.067	15
78.6046	478.543	15
552.569	571.088	15
359.73	378.216	15
688.374	124.292	15
171.521	70.7426	15
202.433	564.862	15
512.822	393.927	15
214.612	125.946	15
580.03	17.3392	15
235.298	416.598	15
643.888	395.925	15
370.67	15.0995	15
64.936	683.75	15
511.683	183.627	15
519.507	474.172	15
129.68	618.15	15
169.019	760.042	15
466.828	567.446	15
443.831	371.78	15
638.44	571.639	15
536.347	108.23	15
327.578	261.178	15
569.668	679.046	15
382.327	357.757	15
598.249	668.744	15
136.836	501.888	15
270.146	506.081	15
521.579	427.896	15
375.356	305.777	15
618.781	191.48	15
32.0089	21.1199	15
759.727	220.093	15
60.6464	451.591	15
59.4178	503.191	15
63.4881	722.552	15
295.088	602.663	15
88.3377	704.758	15
37.9952	739.352	15
564.738	381.694	15
269.86	367.214	15
319.828	377.986	15
83.2024	658.982	15
130.516	661.142	15
343.786	526.165	15
189.824	190.529	15
704.955	185.588	15
177.522	699.846	15
433.567	282.673	15
388.428	474.93	15
759.75	386.233	15
484.516	282.259	15
261.035	535.431	15
248.435	314.426	15
402.072	21.4722	15
719.163	759.674	15
421.798	314.193	15
371.132	587.488	15
173.195	552.884	15
470.514	438.662	15
359.16	618.472	15
672.932	271.186	15
132.947	118.331	15
206.758	497.175	15
433.048	662.644	15
205.172	400.148	15
331.931	694.629	15
759.391	581.304	15
437.859	240.802	15
126.638	166.529	15
241.699	64.8457	15
132.638	702.567	15
343.195	567.26	15
498.28	497.081	15
355.602	162.085	15
288.227	748.167	15
66.6708	136.592	15
252.954	186.448	15
258.499	455.49	15
691.964	746.796	15
330.091	143.426	15
400.896	663.09	15
52.3977	401.717	15
477.209	518.931	15
620.142	547.003	15
733.257	84.0948	15
610.483	110.206	15
733.296	203.669	15
730.393	400.806	15
755.141	291.736	15
630.111	236.384	15
232.668	630.568	15
367.073	547.985	15
41.9876	662.522	15
251.77	693.597	15
701.873	604.645	15
98.6336	316.196	15
493.88	153.945	15
666.891	179.474	15
708.459	546.232	15
759.921	710.845	15
605.802	621.484	15
75.9056	535.457	15
15.2459	759.916	15
237.545	17.4274	15
268.447	81.8954	15
246.983	564.302	15
706.145	680.131	15
396.62	759.328	15
544.216	697.554	15
707.04	419.984	15
484.502	17.3002	15
20.2297	321.992	15
140.015	747.958	15
439.63	157.224	15
458.616	400.925	15
50.1291	315.673	15
238.446	105.507	15
155.596	325.963	15
85.9228	394.385	15
298.714	355.52	15
481.108	623.054	15
212.638	359.465	15
491.076	549.06	15
413.112	258.31	15
458.736	302.291	15
733.964	166.298	15
320.151	758.252	15
451.353	540.354	15
670.224	148.64	15
688.4	355.513	15
538.777	734.372	15
710.128	63.5905	15
130.341	66.7437	15
334.199	225.444	15
420.828	739.41	15
589.904	134.125	15
514.5	29.7641	15
531.645	207.864	15
562.883	215.737	15
459.232	264.714	15
544.033	404.09	15
432.854	122.184	15
414.863	95.8172	15
654.663	295.879	15
208.341	612.234	15
688.866	16.8371	15
559.69	620.651	15
106.536	680.357	15
679.356	493.908	15
94.4303	362.415	15
438.356	713.747	15
483.396	244.835	15
695.476	293.579	15
430.709	517.494	15
485.217	197.884	15
757.154	260.99	15
618.453	415.15	15
354.112	280.265	15
574.956	245.022	15
564.147	48.9507	15
90.4538	507.438	15
102.948	599.422	15
340.801	188.526	15
622.447	286.767	15
726.53	657.012	15
688.427	394.356	15
589.952	401.753	15
661.636	591.2	15
734.237	313.954	15
273.227	427.089	15
528.507	287.031	15
712.232	375.298	15
553.12	78.6179	15
175.255	224.883	15
163.141	516.953	15
382.778	263.458	15
185.932	343.524	15
156.13	603.838	15
477.179	707.947	15
734.113	239.239	15
574.582	502.366	15
230.127	289.085	15
188.174	106.341	15
109.425	89.9453	15
27.5852	130.763	15
455.017	101.053	15
729.001	626.812	15
655.954	713.82	15
359.175	708.564	15
429.871	43.3631	15
294.869	270.567	15
34.7441	209.957	15
655.051	643.38	15
585.155	192.857	15
201.334	242.401	15
50.7044	98.0487	15
624.069	466.954	15
555.436	349.276	15
411.062	454.433	15
241.26	724.655	15
649.659	523.96	15
176.628	659.028	15
552.404	654.241	15
569.159	112.062	15
720.87	276.404	15
379.497	99.995	15
152.149	143.373	15
530.441	502.888	15
492.385	50.4044	15
132.995	304.919	15
731.543	592.664	15
50.6196	45.4314	15
183.504	373.45	15
237.036	377.655	15
604.829	36.1349	15
40.0812	475.412	15
103.062	138.655	15
664.832	374.272	15
401.585	128.112	15
686.769	85.7981	15
203.206	750.883	15
303.581	237.46	15
214.583	325.627	15
27.2192	69.4309	15
