-12.462 -260.061 37.9207
127.673 -76.6742 37.8002
136.077 -257.306 37.6416
-247.466 160.171 36.9577
-145.533 -256.065 36.6354
-160.995 -165.062 36.5581
-143.972 55.8809 36.3652
-206.907 332.382 73.2707
24.5636 79.5947 36.1117
-228.338 92.5795 35.979
-335.503 -53.3265 35.932
17.6597 46.7654 35.2877
123.59 -54.4738 34.9189
460.327 180.729 61.3212
268.271 -114.38 34.5005
-37.4845 -287.329 34.26
-293.031 -91.6554 33.9822
-7.76925 -159.203 32.5636
-50.1569 -275.99 32.3025
127.659 283.746 66.8536
-3.81053 -230.246 31.5888
-177.266 -18.5982 31.4256
-427.324 239.998 73.2786
140.219 24.5579 55.5003
107.934 -193.645 29.6755
313.111 -37.7735 29.6609
79.897 -31.9706 28.0831
-123.805 126.47 28.0101
27.1721 136.185 27.8109
89.8402 -171.61 27.7502
195.823 -221.405 27.2214
701.783 -21.7619 55.114
-67.5945 65.3368 26.5467
291.349 97.0581 26.4942
-195.124 84.9348 26.1248
-91.8394 -456.491 62.5304
-288.352 169.069 25.9859
518.332 -513.962 47.9232
-628.641 -92.4957 63.1776
-733.966 -240.411 67.2489
8.48806 -207.953 24.247
110.699 63.3227 23.9616
573.331 -40.3445 70.4377
179.394 -23.6892 23.5624
-544.42 169.507 75.4084
-281.228 -89.7243 23.4395
-377.022 -285.249 23.4378
184.332 -45.4611 23.292
53.7628 -459.986 70.2443
302.996 130.668 22.8342
-564.189 81.8255 50.4787
-547.486 -190.802 51.0603
-360.673 -131.679 21.3668
187.156 -66.0617 20.6759
-240.02 -126.979 20.1766
-218.698 -162.122 19.4709
169.003 -155.652 18.8613
-92.1006 103.271 18.51
196.338 56.816 17.3505
-420.777 -199.591 17.2114
492.86 -95.0327 54.8306
26.2574 114.41 16.5081
-21.1678 -98.8614 16.434
-214.265 -301.134 47.1248
-358.456 -290.02 15.5407
-120.336 149.07 15.4653
-52.1462 -311.155 32.8679
620.091 401.876 52.9372
242.815 -165.239 14.8346
-199.564 -208.034 14.6543
-188.041 -207.33 14.612
122.211 -157.522 14.0469
-290.102 -118.34 13.4939
50.6199 -34.6281 47.3946
-785.615 89.664 62.8953
123.128 -126.719 12.156
-145.137 14.8889 75.5613
294.49 -67.6307 55.4679
448.167 372.999 47.9188
676.079 327.439 54.2471
7.42017 -122.327 9.11131
129.13 272.009 72.7305
708.102 -418.876 23.0892
-296.138 -518.288 54.4427
211.041 187.974 3.88583
-779.693 -337.19 76.4502
-303.017 391.014 76.3873
414.106 127.522 76.3673
365.452 60.7862 75.8414
-391.869 71.7519 75.8122
-506.3 -0.512866 75.6004
-709.624 39.4891 75.2832
257.389 403.407 75.1641
-781.217 -13.5923 75.1584
688.357 43.4538 74.6114
578.703 -95.314 74.1728
-345.151 -197.354 73.9153
311.583 -144.718 73.8281
-734.586 -382.184 73.2274
-43.5019 -212.051 73.1163
276.635 -311.71 72.8862
478.842 182.745 72.5249
659.104 337.818 72.3227
15.6636 288.216 72.2897
569.769 369.994 72.2233
632.869 -394.993 71.9914
570.336 371.183 71.9581
-770.096 -158.476 71.8639
-306.575 7.78033 71.4266
-390.539 403.732 70.8573
-9.7075 1.33946 70.5754
-792.946 250.452 70.0404
443.527 82.8968 69.8378
-619.21 -55.6334 69.5684
648.485 415.301 69.0978
-309.102 -507.657 69.0604
-406.046 -346.757 69.0009
-476.312 -305.039 68.825
388.53 -316.129 68.7184
682.359 -285.186 68.52
-732.425 -470.398 68.4678
-303.39 -314.28 67.9645
178.22 -263.904 67.6105
-435.864 -79.3519 66.4619
-803.792 -347.269 66.4597
491.819 -225.86 66.0506
70.4099 249.688 65.1272
534.601 -122.752 64.6051
296.033 -365.854 64.1183
-54.8035 403.354 63.8233
-131.94 -489.449 63.7706
652.387 353.014 63.6434
-261.685 105.36 63.383
432.171 -10.4716 63.3695
474.38 297.301 62.8512
-570.382 -322.975 62.7628
-311.968 212.499 62.5305
-298.131 -41.5619 62.2996
-160.73 35.1407 61.9992
-676.862 282.566 61.0986
-768.921 -468.467 60.9956
-277.322 79.0296 60.108
-637.538 -106.238 59.9711
10.0184 -297.758 59.9541
-479.209 -500.434 59.351
139.004 -389.327 59.3217
198.099 254.958 59.028
-332.595 -532.952 58.8971
-139.905 -379.96 58.6514
667.828 -378.178 57.9688
-65.6706 -459.621 57.934
-567.822 379.013 57.8476
687.058 -220.773 57.3493
425.203 256.656 57.3059
-165.07 -497.118 56.9617
-746.477 400.524 56.199
-705.284 -209.844 56.1662
379.334 -510.156 56.0203
58.2213 152.963 55.9795
-200.509 -80.4212 55.9167
668.329 -119.796 55.6218
-196.296 194.63 54.4311
-362.148 122.287 53.8222
-645.008 -100.363 53.5551
-626.2 -226.212 53.5448
-726.971 -303.184 53.0935
-346.183 101.577 52.9885
665.813 212.186 52.4281
-635.523 95.6377 52.3841
519.066 422.683 52.3725
-99.1255 -319.288 52.2496
-245.077 -3.52323 52.2243
36.1972 421.997 52.1747
-529.353 -91.0523 51.9718
-146.808 -277.268 51.8937
-122.52 -316.155 50.4466
618.604 -23.845 50.0434
-596.046 -261.59 50.0311
-216.975 -482.085 49.8459
-734.77 312.758 49.4488
338.487 -156.612 49.4164
201.412 -147.234 48.9119
179.53 16.0035 48.1235
-556.255 417.406 48.5381
684.549 375.955 47.1216
1.96349 163.839 46.879
-426.405 166.323 46.8756
490.814 374.335 46.7997
-42.3619 -420.644 46.7935
130.619 209.124 46.7168
201.51 -398.091 46.5839
-326.856 286.638 46.5389
-306.184 -58.0196 46.1923
-784.604 -303.357 46.1011
425.69 -346.2 46.067
-442.959 -105.217 46.0656
130.444 31.4476 45.7622
562.916 160.669 45.6685
676.034 -333.471 45.1396
-678.25 -57.7451 44.9264
-368.756 -433.639 44.8512
662.351 -435.363 44.8417
546.93 -258.609 44.6977
-709.943 -31.4674 44.5974
509.879 289.53 44.3119
106.747 335.857 44.0129
80.2492 -258.01 43.325
590.593 -410.59 43.131
-212.082 -130.174 42.9788
273.968 16.9197 42.7336
589.473 -146.473 42.1398
-801.739 -503.759 42.0792
-347.455 -95.7838 41.7545
-144.094 -21.2714 41.3518
-717.021 -129.287 40.7247
-297.697 47.1401 40.6462
-4.55003 -455.348 40.5161
585.899 82.7899 40.3532
-692.958 147.071 39.4274
-525.001 34.5497 39.0134
275.634 -159.426 38.9418
651.332 -301.024 38.7267
-814.702 -518.92 38.4076
-238.13 381.052 38.2501
54.4459 49.628 38.0656
-596.618 163.316 37.9895
698.677 -376.449 37.7226
436.437 -471.398 37.5843
132.493 -46.0567 37.3871
214.386 -280.598 37.2915
538.984 28.4934 37.02
417.832 -289.57 36.8066
10.2477 -331.069 35.4456
519.74 -345.793 35.43
243.779 -442.747 34.9782
-499.321 242.862 34.7009
-619.564 223.513 34.5026
180.909 106.245 34.4228
-33.1709 -167.598 33.9873
480.489 -290.818 33.6316
-68.6852 -10.4844 33.5115
188.162 -513.891 33.0161
4.01386 -178.987 33.0078
41.9515 95.5029 32.3675
298.464 -204.757 32.35
309.111 -459.61 31.8815
-467.313 -469.667 31.8526
677.004 297.188 31.8317
-552.413 -10.5852 31.8307
-311.386 -355.055 31.7251
130.87 140.906 31.6184
-64.1638 79.4033 31.4095
406.919 416.97 31.0815
-736.827 187.142 30.9307
-130.741 400.662 30.7826
-625.601 -7.94051 30.5428
29.9023 -186.763 29.5647
-461.524 -138.954 29.3086
-656.863 -145.186 29.2239
192.965 -451.22 29.1507
-570.214 -142.283 28.1101
-68.5016 189.094 28.0939
185.534 -449.383 27.7198
534.333 66.8428 27.5893
-185.132 -467.528 27.5268
-492.426 254.502 27.5094
359.569 167.23 27.4854
-384.155 -106.188 27.355
-288.012 172.957 27.0117
-799.728 -527.562 26.9797
-528.801 94.5306 26.411
-160.02 -223.997 26.345
349.053 -55.0369 26.0605
-201.081 99.1974 25.2396
-47.8986 258.198 25.1253
70.3941 -370.923 24.312
-255.995 -83.6161 24.3006
314.221 401.247 24.2598
-393.868 -460.266 23.4402
-71.4429 -135.926 23.3893
608.4 301.342 22.5621
-47.6888 262.333 22.17
-168.69 -446.976 22.0223
692.301 -450.174 21.154
295.88 281.348 20.5655
454.139 -526.591 20.4569
-112.474 226.625 19.361
67.6234 -356.491 18.6044
-546.511 -50.3242 18.0911
-110.1 260.583 18.0446
108.766 -530.008 17.5514
-1.93483 -354.373 17.3216
450.84 -188.284 16.2797
410.45 -121.251 13.7485
-587.388 -406.751 13.6002
256.404 90.8553 12.0679
-119.677 -174.325 11.9786
566.458 -346.06 11.0857
-218.164 -412.99 8.31186
