31.0653 17.0687 1
6.06305 1.41188 0.6
25.1981 2.60325 0.6
9.74891 0.60976 0.6
17.9162 24.6625 1
13.2437 5.48923 1
33.1508 14.9899 0.6
3.20017 12.5986 0.6
36.3026 24.885 0.6
16.3014 4.70514 1
25.1376 7.95583 1
13.7537 36.8055 0.6
38.1311 5.31638 0.6
9.28576 38.1463 0.6
29.7309 13.2577 1
36.162 22.0825 1
28.4893 3.66122 0.6
19.8906 3.66048 0.6
15.134 15.7994 0.6
17.355 6.45239 1
4.11186 29.2913 1
35.2769 35.695 0.6
33.912 35.5482 0.6
13.7349 13.4243 0.6
37.3296 15.5644 1
4.02015 7.95577 1
0.736555 35.823 0.6
26.8955 23.7367 0.6
1.18919 9.136 0.6
18.6007 22.1283 1
13.4294 31.6775 1
18.6663 26.1377 0.6
9.10226 27.1847 0.6
16.272 28.699 0.6
17.6753 13.7323 1
23.2311 7.20126 1
5.73476 30.5968 0.6
7.34379 24.896 0.6
17.3566 38.1243 0.6
3.06015 9.74926 1
18.5642 8.09868 1
24.3833 19.3555 0.6
10.4017 32.6742 0.6
29.1735 26.9061 0.6
11.9401 8.31451 1
1.02943 33.9607 1
33.5352 31.7058 0.6
5.37152 38.1005 0.6
34.3229 17.4149 0.6
9.35609 3.13967 1
22.4257 29.3717 1
35.9171 14.6412 0.6
10.0657 23.5145 0.6
33.877 20.2485 0.6
19.9525 11.4806 1
11.7988 4.09404 1
7.48216 6.29902 0.6
28.3704 1.45382 0.6
35.268 18.1783 0.6
32.1971 5.91339 1
34.3537 13.9281 1
17.8031 35.8147 0.6
35.9286 38.1312 0.6
5.31001 19.3326 0.6
19.9833 15.9807 1
27.1975 2.54899 1
34.7053 34.6093 0.6
18.53 31.1113 0.6
0.686138 4.1576 0.6
34.6943 10.5332 1
9.5215 12.3398 1
32.5752 21.1443 0.6
24.8144 38.0526 0.6
3.74572 0.73843 0.6
1.26164 2.19092 1
26.8454 20.0297 1
23.983 35.9785 0.6
33.7319 32.9975 0.6
20.403 22.3264 0.6
27.7545 36.897 1
22.4885 15.0471 1
23.3085 27.9473 0.6
11.9868 1.60744 0.6
0.654642 0.616975 0.6
20.6428 37.7384 1
5.32846 27.6753 1
16.4425 12.7005 0.6
8.13736 26.2009 0.6
22.5074 17.1661 0.6
24.5954 32.0584 1
10.4986 17.0438 1
20.7536 30.4581 0.6
24.8862 29.8866 0.6
13.9054 0.736554 0.6
36.4158 33.9873 1
29.799 18.6444 1
15.6898 13.6662 0.6
3.97206 24.6361 0.6
30.8249 7.04057 0.6
28.7994 7.99583 1
17.3706 32.3035 1
37.0566 5.88573 0.6
0.614536 14.2543 0.6
16.0893 22.4908 0.6
37.7336 12.4879 1
15.3331 18.5621 1
33.458 34.2166 0.6
2.81561 25.2402 0.6
15.5158 29.8274 0.6
2.5347 20.8218 1
36.24 30.649 1
21.1913 33.389 0.6
19.3484 13.636 0.6
38.1496 9.71984 0.6
37.73 37.7407 1
21.6892 27.3984 1
23.6065 18.2704 0.6
21.6343 13.6632 0.6
19.9431 8.91786 0.6
7.01854 33.8816 1
20.9119 7.60326 1
33.6384 16.2599 0.6
24.9773 27.6497 0.6
18.224 0.607933 0.6
24.9299 12.5977 1
12.2965 27.2827 1
32.4424 38.0576 0.6
5.91939 12.0007 0.6
2.64634 38.0601 0.6
4.43896 11.2089 1
21.9602 3.53105 1
15.9674 33.0872 0.6
19.2678 9.96886 0.6
13.8574 15.5182 0.6
30.8994 20.4228 1
1.00753 29.9963 1
4.2191 23.3059 0.6
6.33947 26.2998 0.6
28.1342 26.1144 0.6
28.3665 31.7857 1
32.0571 33.2757 1
32.9535 36.3753 0.6
2.76643 1.57686 0.6
15.056 24.8029 0.6
9.94499 34.2267 1
18.6984 37.2083 1
4.57283 31.3861 0.6
6.43169 5.32775 0.6
27.9023 35.193 0.6
9.94358 21.3136 1
7.62407 30.5996 1
36.7101 13.7361 0.6
2.85661 23.9412 0.6
1.98159 36.4106 0.6
14.4428 23.0324 1
22.6887 34.6151 1
23.5386 13.5167 0.6
13.0104 14.4984 0.6
25.3387 6.01895 0.6
23.762 5.03526 1
5.46355 9.36733 1
7.36737 9.06545 0.6
2.51906 11.5481 0.6
33.3315 0.634504 0.6
20.1458 28.7769 1
29.053 21.2349 1
14.6888 4.34369 0.6
28.9333 22.8553 0.6
13.5589 3.86348 0.6
2.92255 14.2447 1
31.6158 35.3268 1
33.6241 11.7823 0.6
12.6657 36.1681 0.6
27.6516 18.4032 0.6
1.46503 15.7436 1
37.5106 29.0079 1
30.7713 4.84481 0.6
19.582 20.713 0.6
26.7452 8.71405 0.6
15.4947 36.0592 1
21.9515 18.6716 1
1.98885 32.5107 0.6
12.982 10.3427 0.6
23.928 26.7512 0.6
37.689 23.602 1
6.18922 14.71 1
10.1743 37.2691 0.6
7.17832 0.665803 0.6
5.85294 35.0326 0.6
33.5269 27.3795 1
8.44443 28.7717 1
0.985263 21.3804 0.6
37.9552 19.1913 0.6
34.7261 21.1851 0.6
18.057 20.1072 1
26.4968 13.99 1
23.6832 8.82907 0.6
7.6008 19.5011 0.6
27.8981 13.1432 0.6
36.3068 27.3058 1
25.7464 1.04442 1
17.5257 11.8435 0.6
15.1747 34.1763 0.6
15.5503 2.86533 0.6
11.7918 37.5734 1
6.56931 18.1505 1
29.0808 30.2266 0.6
10.7858 26.5617 0.6
20.6896 2.54852 0.6
1.03865 37.7061 1
15.0391 21.0852 1
25.9898 33.4734 0.6
18.4176 10.9499 0.6
10.6079 29.6094 0.6
19.3377 18.5544 1
5.28761 32.8635 1
6.15991 16.4842 0.6
0.624621 31.9919 0.6
13.0578 7.11264 0.6
12.5435 16.4681 1
34.8324 1.19172 1
29.2903 0.664457 0.6
38.0144 30.679 0.6
23.9264 20.8413 0.6
8.24696 35.4745 1
20.5659 25.716 1
24.6436 16.1065 0.6
5.10116 0.691625 0.6
14.6161 14.3549 0.6
37.7495 20.8606 1
28.1295 11.5232 1
18.6593 12.4691 0.6
6.38245 31.6764 0.6
6.52819 8.12932 0.6
30.3361 32.1759 1
15.0273 6.42237 1
3.32277 22.4893 0.6
11.4465 9.91334 0.6
20.0356 36.1601 0.6
28.3973 5.55185 1
13.6327 19.6257 1
16.7845 3.16775 0.6
10.9479 13.1518 0.6
0.615543 17.3451 0.6
4.17599 4.88394 1
26.6109 25.3183 1
11.8773 25.6233 0.6
9.77754 14.1453 0.6
11.0514 35.9662 0.6
23.5202 2.12058 1
16.6542 1.54065 1
20.8739 17.4158 0.6
19.0914 35.3367 0.6
15.0176 12.1069 0.6
32.941 18.2218 1
8.5782 32.6282 1
32.3219 26.1611 0.6
31.0442 12.2755 0.6
9.7813 36.0667 0.6
13.7795 25.7897 1
25.752 36.7516 1
11.6728 34.8672 0.6
16.3787 19.808 0.6
35.9015 9.39684 0.6
27.6746 29.1497 1
22.3495 36.5963 1
33.1827 2.06182 0.6
25.2445 20.2705 0.6
7.84603 38.0612 0.6
32.0578 3.67359 1
37.717 32.3827 1
26.6792 35.4166 0.6
31.3005 10.9324 0.6
27.1211 32.8713 0.6
2.12289 28.328 1
25.6286 18.3503 1
27.4337 4.24639 0.6
20.4937 34.4213 0.6
17.2215 23.1232 0.6
35.668 4.74005 1
8.81572 10.2434 1
7.25877 21.1624 0.6
32.3208 31.6376 0.6
32.4867 19.8221 0.6
22.0291 31.4695 1
20.1079 32.0475 1
38.1377 34.1484 0.6
5.22989 17.2578 0.6
25.736 28.742 0.6
28.8125 33.8079 1
28.3512 14.9218 1
0.686979 20.0449 0.6
6.98989 23.6284 0.6
18.4933 28.995 0.6
16.1092 8.1704 1
4.81703 21.0269 1
30.9394 2.50773 0.6
17.8104 3.83284 0.6
11.8685 6.53758 0.6
11.8248 18.7112 1
26.4268 30.9026 1
31.5068 18.9357 0.6
16.0826 23.8711 0.6
19.049 2.76371 0.6
25.4403 23.0365 1
13.617 34.8164 1
28.9773 24.959 0.6
18.5662 16.8476 0.6
2.22551 7.69146 0.6
18.8751 5.02969 1
27.2589 22.162 1
8.40607 24.2233 0.6
28.0013 24.2035 0.6
11.27 22.6132 0.6
2.85624 17.3631 1
26.5679 27.3249 1
30.534 22.0522 0.6
32.4253 16.0242 0.6
22.9172 9.75878 0.6
37.1986 8.40013 1
37.7019 25.8386 1
10.265 9.17878 0.6
23.0098 32.7995 0.6
8.69617 5.67096 0.6
21.3159 9.9727 1
32.5423 12.9644 1
38.0874 27.4671 0.6
15.3105 0.61033 0.6
3.49741 6.34872 0.6
9.63468 25.3317 1
1.13176 6.26716 1
11.0394 24.486 0.6
14.3303 2.87366 0.6
1.32523 18.3531 0.6
30.4944 25.5524 1
6.61078 36.8818 1
21.56 1.54356 0.6
8.39018 20.5926 0.6
33.1658 7.39211 0.6
28.6143 17.0101 1
17.3289 17.9558 1
1.80145 25.9849 0.6
18.7669 14.904 0.6
30.0118 37.712 0.6
33.1943 29.9894 1
11.985 33.2802 1
21.5549 11.7016 0.6
0.803221 22.5928 0.6
28.4041 19.5901 0.6
1.04156 10.7322 1
33.1995 24.7655 1
9.75343 31.4753 0.6
16.1891 11.518 0.6
16.8557 36.9806 0.6
31.2561 27.4292 1
25.0197 34.7512 1
22.9416 19.9348 0.6
25.2396 26.3061 0.6
27.3153 0.639263 0.6
34.398 37.1269 1
34.228 6.17816 1
18.2241 1.88641 0.6
14.3901 30.3234 0.6
24.9377 21.4906 0.6
9.17375 18.8011 1
21.7609 23.4545 1
8.19367 17.0995 0.6
14.4602 16.8875 0.6
13.4131 38.1095 0.6
36.8673 10.6837 1
23.3562 11.3275 1
20.7823 21.1877 0.6
23.4008 23.3634 0.6
26.3652 5.30161 0.6
25.0268 10.0333 1
37.6233 17.5779 1
4.62093 1.85341 0.6
12.6946 0.610176 0.6
33.3473 4.7214 0.6
13.977 8.6815 1
35.9443 19.9078 1
19.5351 6.60928 0.6
12.3359 13.4676 0.6
33.7858 8.84958 0.6
5.61853 3.47164 1
3.45201 26.8254 1
22.5361 0.747868 0.6
13.0102 2.39294 0.6
10.5746 10.9371 0.6
5.6183 6.72043 1
29.57 35.9605 1
30.4249 3.59724 0.6
4.67871 25.7704 0.6
29.9124 15.9277 0.6
18.7916 33.7316 1
11.3553 31.0667 1
35.8562 2.75375 0.6
35.9891 6.56629 0.6
15.8577 16.9325 0.6
1.10375 24.3922 1
15.5088 31.4725 1
9.63984 6.59538 0.6
23.5875 30.4776 0.6
0.725426 27.4247 0.6
34.2863 3.27126 1
33.4048 22.5815 1
26.7293 38.1311 0.6
10.7891 7.17021 0.6
20.6604 12.9463 0.6
32.7076 10.1377 1
12.0135 11.7912 1
27.2272 34.152 0.6
9.66442 4.77745 0.6
6.20441 29.4454 0.6
4.37014 15.878 1
31.2681 14.5636 1
28.8632 38.0839 0.6
11.1448 0.700249 0.6
29.7529 6.4184 0.6
35.6665 12.2897 1
37.2722 3.53129 1
21.1796 35.4461 0.6
29.3519 2.72444 0.6
10.5047 19.7727 0.6
34.8933 25.8745 1
35.1447 7.96846 1
27.8012 9.34515 0.6
12.7293 30.2335 0.6
24.3878 17.3064 0.6
16.7763 15.59 1
35.1118 28.9589 1
31.0367 36.9954 0.6
29.9751 1.67462 0.6
29.4989 4.3691 0.6
31.4964 23.3675 1
5.57682 24.386 1
34.4776 19.1095 0.6
14.7681 37.6463 0.6
19.2517 30.1376 0.6
34.981 23.8183 1
29.6328 28.6163 1
4.52819 18.2581 0.6
23.9358 22.2041 0.6
24.4865 3.57781 0.6
2.38353 3.90307 1
19.7391 23.7905 1
20.566 4.65588 0.6
3.17793 33.3938 0.6
25.3986 15.1591 0.6
31.2117 30.2892 1
26.8962 6.99172 1
14.1452 33.1552 0.6
30.3806 34.1971 0.6
3.62468 2.62429 0.6
1.47936 12.7794 1
21.8438 5.73915 1
11.4316 28.7183 0.6
7.36936 15.9745 0.6
4.26165 34.2169 0.6
17.1044 9.97205 1
2.80539 35.0247 1
29.8629 24.0714 0.6
13.6277 11.7211 0.6
23.669 37.621 0.6
29.3706 9.93569 1
16.8504 34.4728 1
36.1147 36.8023 0.6
10.9607 2.70765 0.6
38.1415 2.17235 0.6
11.3015 14.8446 1
22.5704 25.4774 1
24.3295 28.6793 0.6
30.9494 9.66544 0.6
20.3781 19.7901 0.6
35.262 16.1104 1
35.2174 32.3799 1
10.0769 28.3501 0.6
10.7722 5.65311 0.6
26.0061 11.3671 0.6
37.4002 35.7362 1
15.0408 10.3928 1
38.072 6.9195 0.6
13.2243 21.9157 0.6
22.3471 8.63955 0.6
8.62634 7.97521 1
7.38714 2.37069 1
2.42152 19.1802 0.6
25.8306 4.05397 0.6
14.8694 1.79086 0.6
12.6206 24.0047 1
4.74482 13.2078 1
38.1227 14.1052 0.6
4.19586 37.7447 0.6
30.0052 11.5281 0.6
2.81235 30.9483 1
8.0859 13.7447 1
21.578 16.4045 0.6
24.5695 14.2644 0.6
3.86021 19.638 0.6
9.01926 15.6582 1
24.4566 24.7961 1
23.4622 16.4327 0.6
21.503 20.2191 0.6
15.98 37.9329 0.6
7.72033 4.36615 1
17.6855 27.4768 1
2.02599 22.8036 0.6
7.08417 27.4492 0.6
3.73038 32.2826 0.6
31.7835 1.12501 1
11.915 20.7334 1
8.41014 1.01834 0.6
8.91132 36.9798 0.6
6.68971 10.408 0.6
31.8345 8.33132 1
17.1545 30.0519 1
10.3644 1.66587 0.6
34.4754 30.9479 0.6
0.604854 7.82136 0.6
36.8321 1.246 1
4.53742 36.0265 1
32.3043 28.651 0.6
23.969 33.5335 0.6
26.8675 10.3936 0.6
16.2842 25.8484 1
22.455 21.5335 1
26.7873 12.4095 0.6
19.7018 27.1672 0.6
13.5681 17.8048 0.6
13.6145 28.8847 1
26.4375 16.4224 1
16.6874 21.4048 0.6
20.3989 14.4088 0.6
22.5322 12.7073 0.6
8.31691 22.6 1
7.52615 11.8061 1
2.62308 5.50118 0.6
3.25009 36.9785 0.6
6.43914 22.1409 0.6
15.0798 27.4535 1
19.7957 1.17101 1
9.21477 30.1857 0.6
6.43251 20.236 0.6
6.54734 13.1378 0.6
