556.379 306.191 16.0664
466.566 154.558 32.008
390.473 415.579 27.8487
587.763 552.204 20.4593
697.555 645.236 9.02792
230.467 523.83 14.8713
195.128 746.846 17.9715
96.7581 89.121 15.7595
434.168 749.827 16.0891
66.7075 499.695 11.9268
276.714 397.245 12.4819
384.124 13.2838 16.0379
319.098 556.063 9.55885
309.816 93.4342 29.3651
99.4313 647.911 26.5826
356.927 442.643 14.2952
347.191 683.419 27.9482
283.44 193.19 13.8999
337.511 398.715 25.0983
640.411 516.795 13.8942
473.177 242.716 16.5815
205.773 98.189 17.7316
530.525 76.1965 29.174
114.593 279.096 12.1513
486.068 676.603 22.6109
604.676 406.437 9.39419
297.196 529.948 24.9628
166.066 675.218 24.972
51.4263 268.856 22.0481
303.519 557.487 7.246
32.7932 359.791 21.8919
379.463 644.256 25.9408
187.826 694.588 5.36789
229.917 321.349 7.26707
431.159 421.355 9.56008
499.427 98.0191 17.4193
132.884 19.1249 22.3758
201.674 386.277 16.4103
135.065 411.427 18.9672
597.981 722.769 19.5403
456.505 697.461 5.70164
556.213 315.51 18.9034
133.637 20.2228 22.3433
80.1448 151.005 11.4695
-1537.71 288.028 1546.57
575.267 398.904 12.7457
221.706 393.853 25.0349
272.603 218.275 26.9599
390.489 80.5379 11.7206
574.062 73.2295 17.5179
624.385 378.075 27.3382
105.483 448.509 17.2249
94.627 540.371 18.2752
307.478 609.722 14.457
644.358 314.241 22.1528
444.292 20.8267 17.2623
682.678 624.876 26.4862
738.391 105.746 24.7535
597.587 32.5619 19.3215
519.088 193.256 21.4337
354.09 267.463 20.0192
426.81 107.476 22.7687
505.236 39.7412 14.7196
387.422 380.78 31.0783
104.257 61.6253 13.689
282.104 377.88 6.58972
191.261 501.513 5.37059
559.372 373.454 14.4802
582.107 338.011 15.9591
279.986 492.894 16.7853
699.875 583.865 12.3198
233.357 419.714 19.7664
300.349 689.924 25.5117
169.598 270.131 15.8988
384.457 -41.7318 57.5387
560.101 41.7061 17.4298
730.531 410.093 31.1355
184.829 570.098 19.7199
187.389 389.141 16.3001
248.92 723.078 22.5536
454.615 717.445 15.8202
423.113 382.346 12.8375
224.889 746.037 24.8485
762.485 756.211 12.5923
164.568 18.3074 16.1167
76.0773 123.833 18.071
200.749 340.701 14.938
726.847 526.163 5.27395
307.801 188.858 18.4505
432.193 689.556 18.8276
232.527 228.301 15.7281
454.796 708.602 11.4789
664.979 230.574 14.0243
744.566 184.09 20.7456
520.89 391.907 26.3714
754.799 172.729 20.986
538.912 620.277 24.1803
345.426 679.663 25.0718
129.101 727.552 31.3958
538.117 745.728 12.1436
544.678 480.704 18.3791
71.0365 -586.907 599.349
613.961 37.9902 21.414
29.5437 43.1129 15.988
592.363 238.983 32.9023
210.738 680.075 22.8557
380.363 713.511 9.11256
340.037 604.267 17.6538
692.258 123.203 17.3916
379.299 717.071 8.31068
355.969 185.327 17.9709
233.799 563.551 23.2543
54.2644 203.457 26.4044
311.892 588.109 16.3522
230.024 608.016 17.6919
714.335 356.086 25.8796
692.741 529.877 12.7907
517.353 161.871 16.6472
307.356 313.447 31.782
698.649 518.111 23.0942
479.07 35.057 19.1939
313.819 573.52 11.2082
263.443 48.1242 21.2525
427.192 103.989 22.6387
361.817 200.935 16.5407
615.662 414.523 9.23566
174.237 539.616 17.7026
217.77 125.932 14.8585
234.062 206.304 14.468
498.854 63.4483 15.4893
357.013 221.286 11.9814
56.3035 80.3023 26.8119
465.99 541.889 36.5203
315.589 163.349 18.8808
35.4038 60.6636 11.5714
156.026 321.056 20.3954
352.315 229.551 12.6427
525.11 -8.23381 32.8408
680.192 733.637 14.5387
705.163 419.192 22.0789
710.142 618.267 19.3578
595.193 463.515 12.915
633.071 384.709 26.3287
309.181 580.981 15.6222
304.427 601.932 15.6653
151.094 135.797 32.7499
-714356 -2263.46 714362
541.057 178.088 3.70867
132.268 54.9406 27.5658
358.095 165.535 22.9074
208.626 337.433 19.7632
245.846 193.75 22.6246
669.315 72.531 25.0028
413.518 275.995 9.58596
730.773 716.618 19.4729
286.758 19.596 18.9574
328.079 544.927 19.3034
491.194 189.569 9.30177
209.812 305.874 18.7824
285.223 262.957 18.3257
579.755 390.346 13.4598
200.522 275.363 14.7525
528.909 378.894 15.8711
507.35 388.828 26.4238
219.935 512.824 19.5617
469.569 636.132 19.8812
120.982 361.365 26.8052
621.502 729.716 19.02
44.2511 467.953 14.6535
474.616 589.509 12.3924
586.887 146.09 27.7759
672.201 308.222 25.904
49.4073 420.64 26.5937
169.596 293.202 10.8344
567.144 740.391 16.1408
596.526 313.898 17.295
223.108 487.231 7.17244
628.786 273.466 15.0728
17.9559 244.664 23.0962
17.7899 244.746 23.106
591.88 427.076 16.8776
595.464 463.06 13.0481
155.277 669.326 22.4095
653.833 193.254 37.6236
559.281 665.966 22.353
42.3434 294.042 3.20939
434.14 684.559 19.7533
699.892 354.778 25.2853
-10.3968 681.978 46.3161
427.576 403.11 13.2373
394.317 618.765 26.874
559.679 713.256 22.5801
153.835 297.13 14.5363
535.029 723.905 7.96781
41.8056 406.084 25.3356
389.198 175.557 10.3762
163.35 755.038 15.1991
652.761 349.638 12.4283
143.601 209.224 14.8884
413.975 491.234 19.0994
498.42 218.272 20.1549
77.4518 49.4457 16.3807
737.457 498.9 12.1338
452.824 577.041 13.2239
194.408 519.084 10.4877
665.623 543.283 15.9761
561.28 736.045 18.1262
22.1082 182.22 11.5136
678.207 281.423 27.3019
722.006 547.785 18.4009
361.882 717.643 8.80669
679.401 413.547 6.69757
419.639 665.056 18.9194
482.881 764.558 11.6264
216.527 23.0887 15.9139
268.902 727.831 23.1292
482.176 218.421 19.3433
757.551 471.186 28.9037
25.1136 163.014 15.6591
166.145 362.423 16.8451
17.787 189.418 15.5481
624.26 596.045 24.2535
477.901 214.782 18.1372
609.707 730.454 19.0963
166.253 358.735 17.4549
628.387 277.236 14.3627
213.612 42.9202 23.9724
419.415 297.642 13.9209
426.612 450.45 19.526
314.819 363.435 17.6979
454.621 279.384 8.60754
583.559 472.097 12.193
170.497 506.324 14.1123
557.644 39.2831 19.214
522.21 166.581 17.5355
452.279 173.101 31.6096
484.558 490.181 11.4359
418.286 318.127 14.3716
423.342 37.0641 14.4511
201.657 -1.56757 12.3444
697.912 74.1932 28.0085
158.274 246.625 20.1817
52.2586 79.2719 26.7086
645.157 662.236 11.1435
414.674 288.942 13.7608
92.3774 143.026 6.45999
246.884 678.186 27.1269
514.577 535.722 30.0119
201.459 524.414 14.2366
724.863 187.304 23.3255
299.043 683.784 23.146
595.684 401.729 6.87403
210.244 44.685 23.8615
668.252 374.204 18.7445
147.261 593.745 22.0402
137.875 673.318 17.7726
436.106 746.678 16.7495
198.861 596.713 21.2734
50.4319 532.667 13.9695
-29.6894 784.031 65.3824
588.318 503.126 26.7342
248.948 299.169 15.9708
602.77 784.097 37.5482
535.874 683.516 25.8062
153.753 747.776 15.2636
579.581 741.692 13.4077
746.436 745.93 4.93467
719.967 203.838 20.439
589.371 384.491 16.4387
454.037 278.087 9.04787
615.495 658.06 18.0159
622.731 727.373 17.3748
716.729 459.778 19.3454
587.705 503.52 26.2947
620.145 380.129 24.1417
434.714 121.711 16.1095
99.9949 151.123 6.94588
211.942 745.755 20.2017
694.412 226.308 13.9502
56.1126 260.222 26.8958
28.7804 221.188 19.395
496.47 184.519 12.2584
633.192 577.598 29.8254
408.315 283.537 15.7795
238.943 586.638 16.7776
404.726 553.868 28.3486
470.786 394.443 30.0962
161.041 234.226 25.9674
54.3855 382.984 10.0394
653.626 193.439 37.667
658.989 348.719 14.7579
367.877 518.006 23.1106
295.434 77.4674 14.1859
215.773 705.269 19.3818
326.399 653.413 18.0232
675.47 513.718 14.4854
318.621 632.243 15.754
230.65 491.85 4.30931
453.816 17.9633 13.1943
390.336 226.959 24.4996
236.353 377.25 26.8998
51.8602 52.1468 7.63999
218.433 550.279 14.6461
537.13 11.4349 14.4648
59.236 517.727 12.6023
376.044 443.042 14.3964
360.349 245.305 8.84076
350.858 234.201 12.4938
467.799 479.382 13.3286
617.684 147.059 1.92334
-325.999 608.682 348.581
319.447 242.342 19.6121
56.8441 441.169 21.1584
645.743 254.333 9.2678
88.1221 490.956 26.3911
308.242 222.961 24.7121
349.468 442.777 19.6265
256.979 45.2317 21.3395
312.927 157.649 20.2396
576.097 568.911 9.80617
86.1564 50.7826 10.9536
53.2806 601.099 29.5347
567.059 283.507 12.407
741.886 653.853 19.2134
192.847 500.623 4.82767
186.681 497.983 4.35314
68.3309 124.389 17.2673
198.841 425.327 21.4301
624.382 603.29 20.8537
184.454 611.254 22.1242
394.403 97.5678 10.3575
73.0563 705.558 25.7749
157.993 326.616 19.7546
136.479 589.687 23.3025
162.78 266.655 17.6081
77.6235 157.538 15.6763
608.394 -349.589 365.186
348.023 9.08047 8.67476
174.16 723.437 15.9633
320.292 -16.7782 28.8774
88.5521 378.534 20.1276
-6.84316 457.313 20.5514
695.235 420.337 14.925
484.077 689.318 22.3886
694.302 240.337 16.684
616.333 656.568 17.7537
268.277 350.551 15.2694
641.838 474.614 32.3949
189.11 281.07 11.7122
333.664 240.958 13.0654
689.514 586.335 13.1836
102.079 329.83 9.81306
459.03 140.301 20.3771
263.358 436.12 25.5775
191.22 14.9804 10.6374
151.018 131.733 29.6804
152.876 344.657 18.0933
16.6819 711.209 21.0856
650.386 266.633 13.9876
453.507 641.533 27.8352
553.216 494.29 9.10399
596.802 -521.987 535.056
753.381 760.881 10.7825
755.901 478.912 24.0737
170.689 719.288 16.5011
761.573 626.638 16.1856
636.487 744.65 19.468
238.449 229.706 13.1996
269.541 411.341 17.4413
36.2197 139.163 16.4568
728.134 371.968 15.9267
239.437 284.26 19.1169
586.177 45.7377 12.1977
525.076 140.001 10.5354
509.211 434.989 15.753
662.052 662.681 9.22767
666.428 594.404 8.99112
272.688 623.367 21.113
489.95 1160.59 400.497
456.399 51.5473 18.4295
50.0503 74.7208 23.2612
642.803 576.645 23.9276
127.535 471.658 10.4848
758.016 542.39 12.5762
235.114 600.976 15.3732
6218.31 572.101 5443.94
294.642 531.552 23.0529
676.022 631.449 23.4297
355.189 729.038 17.1009
354.502 267.725 19.9557
312.745 613.741 13.2054
647.227 712.624 13.5097
291.586 672.951 18.309
685.606 586.242 14.5153
431.19 58.441 7.33593
554.58 223.379 10.0742
226.074 516.144 19.6949
566.669 456.032 15.8196
587.972 318.025 15.9276
91.9008 743.808 11.8123
487.127 156.495 15.5249
219.687 509.37 16.9043
558.667 441.612 16.6261
659.242 475.076 31.7591
368.41 471.422 16.0243
433.063 115.764 18.5282
621.406 554.898 30.493
235.296 728.833 24.3042
42.2284 673.297 24.9245
443.011 68.5918 11.2211
209.516 190.772 13.556
23.8382 450.576 10.7198
230.909 491.159 4.85945
50.219 669.348 19.175
1359.43 568.173 588.984
337.547 508.66 7.30636
1000.93 582.105 233.322
453.677 411.065 14.3034
106.302 616.898 29.723
559.575 376.234 13.6381
430.376 406.958 11.1825
663.255 491.818 18.4288
532.582 262.624 17.5417
500.262 425.878 12.032
473.281 242.096 16.2881
443.716 5652.47 4886.23
213.808 78.4676 15.3117
721.638 113.276 23.8027
98.7751 42.0638 6.58309
212.511 825.56 58.6543
202.584 775.855 11.2498
457.051 435.059 12.4432
160.891 375.43 16.7268
728.012 733.397 17.5704
173.491 275.976 13.8317
331.508 626.144 10.8375
295.841 361.533 16.7305
207.404 447.18 7.82387
729.483 680.986 10.9727
522.34 171.098 16.0374
196.927 364.81 8.60425
377.853 684.948 24.592
171.511 13.2416 19.7355
217.115 33.1691 19.5929
78.6364 377.033 20.8191
526.605 397.876 24.9224
547.852 401.89 20.6973
421.887 323.459 13.5159
166.955 447.455 18.502
330.586 724.11 26.6767
33.2308 451.015 6.92228
554.967 206.476 15.3858
667.089 578.288 20.4131
519.964 2.39848 24.0452
60.6366 515.768 11.1924
227.166 448.456 14.8948
366.156 496.603 23.2299
276.667 574.218 22.8964
58.6261 466.531 22.6102
-1.86919 419.853 18.0256
599.642 506.441 26.9825
280.767 706.586 16.9422
166.593 537.692 21.8625
286.666 251.401 14.1947
250.046 687.32 20.9914
393.547 713.864 7.98459
18.1526 137.232 15.3341
110.835 362.271 22.8486
476.164 1949.7 1185.46
383.754 41.0609 20.2279
590.554 427.326 17.386
478.423 79.3871 12.1859
296.986 271.888 18.6478
643.038 349.03 12.3979
194.824 234.689 26.5602
517.146 532.065 27.8979
645.898 412.667 22.6135
671.523 576.455 20.8571
404.2 350.228 16.5981
174.701 726.222 14.9555
72.5099 715.326 27.897
473.989 157.21 26.4184
648.968 417.705 24.4487
675.134 426.168 5.95302
679.506 430.208 8.36793
200.327 366.446 9.94938
217.463 453.834 12.4586
297.5 360.619 16.9836
59.4314 343.522 24.3502
265.553 380.93 12.2366
134.92 646.461 8.47396
297.102 360.734 17.0022
636.789 -157.122 174.872
453.695 -1800.66 1803.74
464.441 384.319 27.6931
45.912 82.7837 22.712
73.9156 716.487 26.9944
171.312 540.123 19.9355
66.8055 312.662 26.2541
468.643 879.673 122.227
122.45 697.783 23.9054
166.132 70.8977 27.0683
247.793 554.744 22.467
730.857 727.864 18.3192
420.677 62.5529 11.041
655.902 72.0084 27.175
697.234 243.051 15.0837
665.788 543.569 15.9247
381.999 76.286 15.1082
200.184 232.705 27.0514
269.549 488.524 12.3389
274.665 265.471 15.8919
120.097 330.049 18.3318
56.2922 372.63 4.03671
358.997 134.083 20.19
649.001 102.466 16.7677
330.552 168.637 12.1631
201.047 500.447 6.38538
504.18 168.89 5.5623
460.802 4.85141 8.53988
678.991 320.817 18.7159
100.999 607.615 30.9187
424.314 142.813 13.1614
466.858 154.492 31.9174
735.541 545.366 17.9478
422.769 -7.10033 29.7198
696.4 547.419 6.29041
660.419 349.302 14.9014
724.655 464.534 22.7635
742.364 461.297 26.6692
180.99 393.523 18.1584
297.844 387.1 10.5252
197.334 11.6301 10.2878
662.644 272.04 19.7583
714.721 8.33416 7.09337
93.0678 553.88 28.7967
447.561 638.266 28.2674
588.654 142.8 26.3011
208.715 185.236 14.6584
568.196 293.376 12.9206
80.3426 378.42 21.4101
290.15 -101.5 114.765
13.7346 445.098 12.7441
572.997 45.0887 9.37068
765.413 554.43 12.9814
495.436 668.515 21.0146
701.09 396.415 19.2289
615.429 49.7817 17.509
61.9192 640.361 10.6649
156.942 41.0019 9.92215
561.126 176.887 13.7891
104.276 609.947 31.761
167.359 395.033 20.8559
461.529 720.221 14.357
514.722 593.714 26.2317
380.275 463.456 15.7523
521.248 426.686 12.3768
393.76 617.939 26.4084
411.977 47.6234 8.0415
585.963 581.433 7.44573
108.916 774.195 41.6486
465.395 745.269 13.492
487.99 699.936 22.4802
107.909 650.795 25.3142
573.859 295.302 10.2749
311.125 43.0935 22.5696
514.871 488.081 18.7696
216.422 654.725 8.07796
555.005 109.856 6.36245
242.756 507.384 13.7451
295.779 639.168 15.6259
171.304 689.852 16.2502
698.877 453.617 21.1546
256.867 380.112 14.5475
469.842 806.545 52.3086
425.707 450.375 19.4329
702.63 686.128 33.9452
54.024 201.777 26.1014
426.559 396.28 9.38891
385.812 262.911 20.5875
129.201 738.802 31.2336
484.921 250.98 14.0005
569.023 114.522 8.68588
558.571 278.804 10.0198
560.105 729.623 17.4039
84.9388 302.532 24.0996
67.562 313.127 26.7321
566.911 757.773 8.52771
482.909 482.698 13.6308
646.331 103.004 15.2529
489.38 283.559 17.6165
154.522 646.699 12.3825
678.573 736.071 16.4709
667.713 724.449 8.4545
339.35 478.938 13.9773
25.3081 475.394 17.3664
594.586 290.219 15.8592
247.012 506.866 14.0808
590.07 429.473 15.983
561.331 448.035 17.1307
401.335 -111.66 125.091
216.727 634.096 12.1197
49.9783 415.855 28.0071
151.039 316.216 20.1063
672.311 94.8003 6.4027
27.466 166.23 15.663
632.925 489.192 24.1914
72.3313 525.315 8.44836
503.801 12519.7 11752.1
34.3179 357.607 22.0223
470.461 264.733 14.6067
262.211 302.143 15.6488
572.015 596.449 17.2214
359.683 607.061 16.1367
542.354 292.682 12.0562
524.68 286.297 23.4875
617.601 33.5991 18.4052
258.209 452.757 24.9046
227.662 744.627 25.4173
221.325 250.931 18.0679
42.9479 139.124 16.7988
615.5 86.9581 20.4702
580.449 78.8862 18.3983
351.309 186.644 14.3602
332.33 181.873 6.27019
202.697 503.134 6.68711
655.119 637.607 19.2106
688.769 203.716 14.3498
645.851 28.6004 11.1178
779.03 231.25 32.5778
73.5914 789.774 45.6379
93.3876 830.714 87.3197
36.906 218.272 18.8138
464.852 744.758 13.2143
669.086 250.455 13.2218
681.885 477.36 21.1647
646.501 637.319 21.2318
531.033 401.931 25.1031
184.791 570.193 19.7321
3486.45 343.373 2715.83
496.893 279.435 17.0804
262.112 406.57 11.8379
290.239 -66.9839 81.1552
174.245 478.747 23.2712
189.701 513.782 10.757
405.149 349.921 16.2971
196.359 745.509 18.8203
143.467 192.173 4.80756
741.56 328.092 32.5638
361.726 718.373 9.20739
400.734 319.245 13.5742
237.656 136.807 21.7012
215.193 238.521 23.2017
560.932 446.665 16.9587
173.546 394.244 19.2179
84.4018 691.302 20.4141
333.456 481.568 14.5978
426.124 521.823 10.4656
460.563 266.091 11.7498
698.96 278.035 22.5947
297.298 529.819 25.0264
642.055 289.647 8.91984
600.294 291.761 19.4633
257.658 323.044 8.38451
542.441 199.288 19.4612
354.704 631.059 12.6257
30.9542 36.6469 19.179
639.216 744.976 19.4263
270.181 119.986 18.4581
48.9056 310.405 14.8942
459.405 210.069 18.5588
55.9025 288.66 10.5073
53.1489 279.069 14.3994
399.97 412.414 23.4623
191.306 255.298 13.4751
743.158 414.001 32.6465
204.13 210.283 17.9956
198.911 561.68 14.0509
69.8062 94.6649 10.578
272.808 218.941 27.1986
515.878 59.6873 24.9429
525.349 63.4363 29.0568
616.764 35.8728 20.1687
348.542 460.103 17.5615
680.123 166.015 25.316
706.76 357.134 26.2836
701.504 396.505 19.5112
511.442 493.842 16.5772
773.221 692.004 33.4062
62.9946 450.057 23.4308
544.042 156.571 14.4831
758.023 670.224 19.8335
281.497 376.766 7.28096
285.734 363.277 14.3007
730.184 546.696 19.2887
297.735 150.699 21.5227
35.5086 307.89 16.0861
255.86 404.356 9.37383
525.821 -20.645 40.9522
74.5918 718.14 25.5268
477.276 249.979 17.1107
657.22 339.474 8.02179
170.38 15.4748 19.4716
603.266 616.266 4.74982
597.095 65.4555 7.24626
80.1013 661.24 22.5233
284.586 362.834 13.7968
524.881 136.114 12.6326
450.802 174.824 31.3445
444.817 199.19 28.0739
703.316 563.322 13.2391
721.675 309.448 23.899
721.227 308.672 23.6782
272.533 148.801 16.4094
597.408 61.207 7.46302
303.091 40.9817 21.9497
77.7143 660.843 21.5726
486.375 28.6222 20.7967
220.685 514.473 20.6073
677.707 555.672 17.9448
234.435 576.963 18.4062
318.534 443.819 10.3211
148.351 642.211 10.0005
682.328 618.984 21.7852
471.521 311.198 27.072
649.652 615.167 6.78625
473.184 447.387 12.9142
306.72 523.459 28.4093
416.875 35.4087 15.796
599.77 242.788 32.7364
633.221 385.324 25.9943
45.3181 499.543 12.2542
486.715 25.8105 20.0683
98.6093 196.081 18.9527
308.8 456.046 16.9653
668.305 345.671 11.4611
698.624 353.091 24.1604
533.164 446.769 10.4385
542.38 436.541 13.0914
759.963 720.443 9.80829
518.146 640.273 13.0145
404.52 488.278 22.6723
739.693 513.263 14.2211
203.7 208.651 17.5735
142.269 212.011 16.7253
439.568 277.591 10.8405
544.456 195.099 16.2748
291.866 31.9873 22.1998
447.016 68.6939 13.2957
707.176 166.994 26.3783
691.985 202.522 12.847
539.503 160.368 13.0625
475.441 348.306 18.7004
69.023 409.584 20.3194
272.252 737.708 19.9809
284.251 748.387 17.4004
-1873.91 278.81 1882.22
193.562 704.92 9.97326
714.42 489.064 17.0552
159.591 187.123 13.2841
-114.374 184.134 127.71
588.869 447.84 12.9529
406.803 490.667 22.6671
547.636 402.055 20.8409
746.29 537.876 16.522
657.329 219.355 22.9939
10.3939 530.177 26.4819
455.705 470.916 14.9819
454.688 461.902 10.2327
242.429 102.604 12.9421
258.171 122.145 13.71
147.854 669.87 19.7515
393.186 281.988 20.6183
521.203 302.508 18.1524
714.817 32.2501 16.4062
722.028 8.72939 11.36
623.126 359.119 23.3378
873.351 -97.3806 187.426
264.063 -275.397 286.603
74.3923 46.9491 14.1773
65.766 8.31645 25.5157
712.294 759.375 26.1433
210.353 576.017 4.87819
655.569 189.594 35.6651
414.375 761.295 10.3607
265.211 375.753 10.0987
283.672 226.073 26.0483
409.103 335.015 4.31683
530.823 450.708 12.2408
541.441 750.703 16.264
639.467 12.6447 13.835
645.01 246.458 11.7707
432.705 48.3202 5.98167
491.662 473.367 14.536
484.265 83.0184 8.19782
336.843 603.575 15.8886
391.757 746.14 23.2583
383.625 749.348 26.4099
203.77 334.635 21.3897
491.013 316.295 17.177
555.709 274.304 9.7255
12.5522 518.582 15.7444
144.404 627.731 10.8809
108.061 241.465 27.4925
483.634 133.253 17.3346
197.539 145.657 13.1583
352.67 225.233 13.3077
335.56 548.244 19.006
130.079 719.388 32.9241
28.3716 293.756 13.6502
33.2101 301.425 13.819
136.011 423.488 20.7394
255.885 489.335 13.5509
184.061 370.959 6.5706
389.528 309.91 18.0555
383.049 298.529 21.4281
207.001 336.716 20.3127
437.998 278.919 11.3474
695.094 516.628 21.3741
55.0433 134.989 17.2139
549.427 240.163 12.2797
339.549 44.7215 7.58395
279.796 568.642 18.8484
651.04 728.727 10.5707
754.797 566.805 12.5925
754.697 567.376 12.6714
478.136 107.78 15.6606
473.878 592.376 12.8417
452.593 413.879 12.7511
435.136 424.865 10.0043
32.7087 431.308 12.5436
74.1594 591.648 38.3274
466.604 689.27 9.3981
710.723 590.403 13.5054
667.494 375.86 19.1871
437.643 740.683 17.7826
-24.1651 780.269 59.0711
32.2498 722.499 23.2919
220.756 514.491 20.5896
637.932 143.124 18.7053
171.016 476.462 22.7851
12.1813 497.618 7.92363
615.137 413.22 9.07285
537.578 462.963 13.5048
537.273 462.747 13.4468
204.192 130.142 12.868
558.808 128.614 13.071
544.477 119.277 15.254
245.393 -5.001 27.6045
129.227 721.297 32.9726
567.491 250.828 19.4182
573.28 249.959 21.6465
626.965 70.1084 22.4632
343.404 759.676 14.9087
181.495 195.593 14.6633
537.345 -6033.81 6036.66
189.042 433.889 22.6686
166.766 416.365 11.451
189.128 433.767 22.7241
391.312 225.427 24.7883
111.241 690.769 18.7148
170.097 514.095 17.775
1823.95 777.145 1055.64
325.663 721.116 30.0061
440.271 299.695 16.7815
523.65 203.485 26.2805
657.455 213.193 25.7129
77.1241 157.981 15.9178
131.558 55.5799 27.1834
239.183 -30.7233 50.826
741.283 152.972 13.0731
404.749 505.37 15.1471
156.888 197.868 8.95823
135.336 53.3036 28.4061
375.592 678.31 28.9808
287.662 637.683 19.7717
431.076 447.784 17.6307
235.631 615.255 12.9694
216.99 517.411 18.0289
692.286 71.2726 27.3295
641.728 240.61 14.8148
410.699 29.1184 16.9946
342.385 635.026 8.65406
706.103 587.45 11.5479
735.526 48.563 29.5934
726.964 612.99 12.9107
272.181 590.207 22.373
200.34 166.749 26.2363
760.138 129.967 16.9916
599.282 774.946 31.0484
574.626 549.666 12.8259
34.1016 670.285 26.6165
350.918 108.194 30.9365
110.512 61.1311 17.1678
752.076 275.984 20.078
569.551 113.721 8.67914
603.807 110.042 28.1671
471.482 311.19 27.0635
405.111 508.718 14.2144
46.3102 169.543 15.9553
392.519 100.906 11.2159
422.721 109.874 19.5711
691.812 331.176 15.7977
427.291 93.2311 17.582
4.07275 490.206 13.4587
119.096 176.45 24.1501
649.695 193.555 35.8063
97.4086 158.006 8.51601
125.337 315.836 21.0404
613.175 547.808 32.0206
282.719 334.53 12.6277
159.579 261.155 17.8501
185.936 632.14 24.8587
316.417 571.042 10.0405
108.754 241.951 27.0416
390.225 421.034 25.2516
338.376 614.739 11.6915
696.921 680.035 28.975
708.388 561.913 12.9292
599.316 128.093 23.9959
631.244 36.8559 11.0892
419.143 488.108 14.4272
339.354 498.388 7.20514
386.951 381.083 31.3799
103.681 646.055 28.8321
479.993 612.69 13.274
668.817 308.003 25.3244
624.118 711.638 8.99941
250.532 94.8606 13.0245
175.011 706.674 11.8674
338.822 645.339 9.73938
278.135 111.047 22.3893
358.126 175.734 19.1413
645.664 -112.272 131.13
421.133 444.335 14.1238
186.364 333.576 17.4019
438.573 435.963 13.3003
522.633 648.09 16.5489
498.142 665.376 20.5537
19.4741 269.637 10.4061
218.095 161.172 19.7956
465.379 386.837 28.354
427.925 328.754 14.5626
540.524 731.473 3.01524
561.143 98.3657 9.33483
377.173 183.069 4.3887
298.313 141.577 16.7525
277.526 112.584 22.0483
650.591 700.513 21.0094
109.276 61.8882 16.8327
639.855 685.084 21.4646
626.002 683.808 20.5309
550.998 615.191 13.563
317.047 366.442 17.2448
528.387 419.824 16.665
497.564 667.046 21.2891
274.201 598.737 22.5764
303.066 134.675 11.5504
735.203 50.5739 29.4792
47.455 683.039 19.0243
529.234 465.65 6.92813
214.116 79.8753 15.377
377.901 743.042 22.0188
602.391 479.707 7.25819
391.957 429.14 21.1883
659.786 604.17 6.94652
732.44 515.44 10.4618
291.762 878.843 122.673
38.7783 349.198 23.8736
463.079 285.519 7.50381
312.354 375.668 9.00744
14.0045 124.483 13.4457
201.432 496.887 5.54039
588.996 384.381 16.5291
755.203 663.429 19.3503
54.9334 760.642 20.9082
125.036 353.593 24.5251
619.324 78.9846 20.1974
570.56 422.902 13.459
553.351 411.356 13.9258
318.89 206.948 24.5751
521.293 300.671 18.401
158.593 598.943 21.294
328.301 19.1959 16.742
566.159 71.1983 16.523
545.673 77.4583 20.1935
704.612 278.89 22.6878
758.678 736.63 14.322
758.689 736.647 14.327
602.328 294.21 20.2147
615.029 293.955 16.8075
45.8087 42.0484 9.38134
26.3961 497.081 9.76128
292.878 318.027 24.3182
690.716 557.823 14.2549
679.078 558.438 19.0569
500.985 63.5422 16.4647
680.417 669.928 20.2726
450.874 454.145 8.97226
448.719 239.793 12.5142
432.473 241.57 23.0331
239.266 378.451 24.8873
57.3794 -19.9943 47.8556
284.851 632.721 19.6205
218.907 286.539 21.1097
167.767 394.262 21.3215
482.058 301.363 20.3459
477.13 309.344 25.9206
204.134 594.146 17.9332
648.415 415.826 24.1955
671.296 307.282 26.5595
741.431 614.727 7.68639
35.1069 449.639 6.08886
435.126 206.161 25.7304
456.187 88.8348 10.1919
557.467 179.296 11.9302
543.881 173.946 4.25578
318.375 262.732 18.7391
326.379 269.116 17.0874
645.998 380.01 17.7482
200.411 366.525 9.97503
665.275 179.343 27.6987
724.329 209.062 16.5676
91.4152 494.969 26.0181
518.782 678.363 14.1223
-13.4012 97.9914 38.2082
82.0994 516.243 9.89089
707.567 510.086 19.1021
29.4401 337.331 17.3526
19.4531 326.289 21.0947
52.3489 726.145 23.0185
33.4604 723.152 23.145
511.947 134.042 11.1091
302.496 488.348 30.0521
216.115 547.129 12.1711
307.78 514.369 26.5428
280.523 390.629 6.19944
290.421 384.355 5.64077
296.88 385.848 9.95605
561.191 257.063 13.6758
537.3 46.0592 20.904
-2.41419 289.85 25.5584
484.882 128.097 15.7753
413.124 379.396 14.4005
138.169 716.586 27.3538
102.316 1213.24 451.909
168.902 781.205 25.652
191.581 757.919 11.5773
284.232 315.687 18.6796
143.542 55.4199 25.9325
647.975 68.7576 24.9586
118.966 459.269 9.04545
141.224 458.602 12.2072
531.88 334.205 29.6127
360.811 734.561 16.1613
155.269 477.946 16.5728
557.259 102.136 7.06932
525.386 99.385 25.4975
571.581 596.274 17.2052
142.397 199.903 7.37394
324.392 703.853 30.4777
702.804 725.808 9.25239
699.488 718.849 13.5892
253.614 259.053 21.0597
431.17 58.4323 7.34563
110.242 503.526 25.6154
121.414 478.03 10.3238
111.734 471.553 6.38018
171.087 634.026 15.3307
153.632 622.58 9.89275
774.798 529.969 12.8359
304.551 938.323 181.924
836.29 524.486 67.6795
31.4741 721.524 22.9914
318.675 589.29 12.9081
306.258 42.1332 22.141
579.658 665.438 28.9638
309.895 15.7003 4.09194
270.568 609.238 21.3752
266.885 609.291 18.2044
77.7789 50.3122 16.5562
392.04 411.846 29.0417
233.506 641.469 15.2136
671.314 670.323 16.282
646.529 689.801 21.9624
426.414 77.1992 11.6688
74.7284 577.501 35.1215
104.159 419.323 11.4336
101.727 446.647 15.8501
75.1554 60.1084 15.4502
174.094 485.579 19.1364
170.614 498.692 13.8257
443.077 301.129 17.0984
203.91 64.0519 18.3504
582.436 505.852 22.5568
576.489 601.062 16.0207
570.316 616.97 6.82276
557.325 531.371 13.5518
144.143 486.453 14.8306
366.314 711.885 4.68925
189.54 514.159 11.0455
576.174 67.9441 12.7235
586.66 51.3329 9.74873
536.966 118.381 18.7951
175.209 99.57 9.7511
165.585 80.9309 24.3096
299.473 448.317 13.0422
604.456 244.554 32.7312
484.639 629.262 22.124
485.747 629.526 21.9936
480.134 495.24 7.07012
155.363 594.97 23.0041
709.24 619.315 19.655
177.041 74.6128 22.7307
191.815 363.565 8.03503
16.9185 476.61 14.551
31.4505 753.988 11.2768
488.305 454.345 19.1837
78.0192 447.238 17.6834
604.676 244.555 32.6714
609.492 241.985 29.1419
507.014 138.591 10.1751
506.724 115.983 14.1351
594.556 344.583 12.9742
406.403 532.616 16.8643
704.897 693.124 31.6723
319.162 53.2348 19.6759
710.245 679.817 27.9271
171.194 749.66 10.0002
249.807 261.929 20.9876
365.799 233.411 2.28623
326.679 407.646 25.1834
314.468 409.35 24.8959
231.045 562.526 21.9383
196.674 474.609 20.9342
539.402 624.588 23.8289
534.907 635.233 20.8032
524.242 643.387 18.1279
543.415 518.561 18.541
174.757 726.327 14.8904
195.696 744.462 17.9698
346.251 268.302 17.3831
60.1064 379.576 10.3361
166.35 682.16 21.9764
387.768 242.2 21.4336
715.338 631.023 11.893
731.859 634.84 8.36838
615.025 691.996 18.858
587.977 700.086 28.3353
560.02 712.061 23.0678
40.0473 629.099 23.381
56.3611 638.741 11.573
456.358 367.545 28.3531
545.85 519.276 17.8012
549.222 481.517 18.0034
189.219 433.714 22.72
532.186 253.535 15.0446
506.721 240.339 16.9299
669.483 115.459 17.0128
589.693 551.598 21.3323
580.987 534.794 6.3642
2.15739 452.97 14.1628
228.846 84.6653 9.37795
631.045 585.783 27.3951
650.474 603.546 8.43717
322.703 806.158 54.5765
589.366 696.856 28.5361
700.29 28.9529 17.525
698.334 22.9179 15.3183
271.421 177.163 13.1523
592.812 57.9306 5.83343
462.205 54.9603 23.3113
75.7574 160.928 16.1666
726.985 410.605 30.0839
713.707 410.704 28.0037
238.976 199.021 18.2491
396.822 720.352 8.95806
676.54 -9.08427 34.5841
721.638 249.467 18.0849
480.403 10.9555 13.0968
25.8448 475.625 17.3907
88.6292 342.557 15.1878
198.568 166.232 26.5172
35.1349 37.4481 16.0934
456.499 364.827 28.1053
752.074 144.61 6.81475
538.238 747.645 13.8999
595.838 454.972 13.7243
213.043 278.464 19.0355
-37.7516 164.967 51.4889
446.813 324.693 17.3325
459.766 440.376 11.4067
727.69 246.792 20.8229
212.048 128.402 12.8751
771.966 692.797 32.482
474.674 598.668 13.5395
251.589 764.152 18.2786
122.063 212.606 10.994
505.739 615.579 14.5607
772.476 747.065 20.9728
501.108 278.586 17.0581
235.592 490.134 6.16606
163.511 534.318 22.894
27.2992 479.787 14.6576
158.02 232.541 24.2563
392.592 49.5364 11.8168
594.529 582.931 7.76643
338.346 570.47 14.4087
54.992 196.339 24.1198
366.236 49.2557 24.6541
357.516 31.8246 14.6453
394.342 318.386 17.1338
421.166 515.141 5.8484
235.012 28.1939 7.29664
253.173 31.0351 16.1068
254.878 21.2923 15.2179
128.567 208.457 13.2518
712.691 490.426 17.2211
707.68 509.77 18.9266
187.699 293.949 9.21882
546.418 560.403 22.8294
566.427 453.813 16.6704
776.35 167.537 26.6717
368.419 243.479 7.38891
613.293 538.801 28.2549
661.414 118.149 19.8529
342.304 1676.81 912.544
167.911 73.9453 27.7235
86.5279 416.89 16.7075
85.6667 443.002 16.9224
451.918 359.07 23.596
424.485 347.409 15.0583
453.901 433.233 12.3685
541.711 565.201 27.7486
537.574 243.118 13.5271
532.025 723.883 9.00352
531.046 724.705 8.81933
29.5012 495.955 12.0327
462.888 763.651 16.0771
483.875 413.967 23.8399
115.252 244.585 22.6858
193.568 704.922 9.97581
596.326 161.484 23.3596
606.163 161.342 16.5622
282.395 66.7644 13.1615
704.425 162.163 29.1997
697.791 160.344 28.8238
331.203 308.329 25.244
723.805 789.33 41.3283
296.922 290.383 18.2567
270.78 289.66 11.2852
244.955 474.087 18.2262
117.366 302.263 21.6742
580.942 314.911 12.105
36.1546 277.125 13.3711
69.2048 -658.94 671.013
170.827 5.96537 18.1947
197.618 535.984 13.424
201.951 596.594 20.5491
221.866 609.191 17.1866
390.057 31.1629 19.3202
379.667 720.941 7.65961
736.896 642.639 12.6986
618.302 258.791 17.9041
80.386 120.231 17.1408
498.523 325.153 13.42
431.631 245.734 22.3796
241.808 630.216 13.9322
259.276 611.822 10.7034
580.172 487.7 18.138
556.442 478.943 15.9361
635.308 182.159 20.5247
384.913 76.6111 14.4557
89.7868 83.6782 12.258
196.316 474.532 21.0006
595.35 504.353 27.0619
747.692 625.209 9.72404
257.655 536.608 19.2569
251.642 541.568 20.8935
474.134 61.6136 22.59
472.792 60.5676 23.1648
468.488 55.2943 25.1194
672.269 468.391 31.3278
675.763 462.67 29.7432
801.323 600.789 46.9119
401.364 203.134 25.679
264.163 301.789 15.7672
29.5362 27.0544 18.2727
269.401 486.519 10.5614
434.918 390.068 1.22714
417.991 67.5058 13.1859
690.082 39.7053 15.9717
391.404 315.886 18.1826
468.016 -356.871 360.34
394.882 340.147 11.3821
708.661 600.401 10.9728
227.989 358.866 21.7781
272.654 537.471 13.7462
242.966 659.677 17.2324
395.787 50.4992 9.40707
99.0546 103.29 20.356
99.744 104.894 21.1611
195.91 470.622 17.6651
682.624 620.768 23.2783
202.649 423.734 20.433
221.62 410.281 24.3191
681.815 516.07 15.8194
672.783 535.757 7.95207
306.464 313.97 31.2891
476.503 542.252 37.4562
482.256 539.457 36.3563
357.472 631.229 14.1777
29.906 34.5834 19.2635
291.315 31.6969 22.3022
523.435 97.0354 27.3734
66.1011 6.02349 27.4603
494.323 89.8005 11.3974
580.831 413.346 13.5486
580.75 420.033 16.6202
599.053 773.324 29.8494
237.499 54.6431 18.2206
723.258 110.556 24.8411
312.425 738.304 21.4476
102.452 185.514 22.2953
538.927 518.524 19.4304
529.941 218.383 15.1361
181.727 298.722 9.94508
322.117 207.18 22.7136
331.916 211.245 16.0174
336.944 216.195 11.7482
65.8137 341.166 27.5774
66.5233 340.198 27.6248
339.196 241.731 12.7167
350.459 266.946 19.3147
483.513 17.7323 15.9923
99.8489 27.4035 15.4635
100.643 29.6369 14.0436
389.576 79.032 12.7692
327.019 143.993 13.2679
327.264 116.557 23.0489
330.485 108.868 28.9345
442.573 27.7145 16.2276
425.238 37.0514 14.1141
382.253 710.53 10.2031
306.146 652.612 8.01424
167.586 517.179 18.4253
667.326 614.682 11.0637
475.223 742.391 10.9841
13.652 424.489 8.13636
167.339 577.072 15.9233
702.743 753.464 21.2998
748.184 518.967 16.2527
258.244 528.451 14.3076
359.602 347.858 25.7166
672.085 -24.6887 47.7371
673.654 -16.2734 41.0302
655.818 31.3495 12.5513
270.201 511.668 10.5225
419.543 664.784 19.0202
759.299 696.032 22.9179
483.945 574.529 17.2127
479.739 717.47 17.1957
379.113 298.596 19.8008
522.247 206.629 25.8328
616.526 470.926 11.9255
519.16 23.895 10.464
536.03 42.6833 18.1489
799.436 361.092 59.0184
123.437 287.131 19.7679
129.182 283.56 18.5806
148.132 288.316 14.0728
21.2662 556.234 26.1391
660.863 782.097 29.8024
125.702 369.791 23.0154
251.145 90.0129 12.6393
381.624 755.655 24.8383
490.542 635.361 17.7946
447.57 79.3901 9.02928
379.723 645.285 25.7231
381.223 665.158 26.2804
720.4 206.003 20.0086
455.66 165.738 31.6215
193.568 496.015 2.1702
132.886 572.895 18.8714
427.69 402.768 13.1207
442.215 394.692 7.66898
577.187 663.111 29.4729
578.273 641.56 23.4841
251.489 503.096 13.1694
435.897 480.502 11.0868
111.274 504.605 25.6598
50.8978 136.074 17.9993
49.9626 171.711 17.543
214.144 699.598 21.3558
344.655 759.01 13.9412
23.3561 464.174 9.58367
176.439 171.715 28.5959
147.261 100.845 19.6127
762.504 275.549 14.1687
367.512 681.622 27.306
968.429 130.358 205.705
864.903 143.573 105.996
791.952 165.455 37.6741
192.482 432.137 22.5779
422.353 61.2055 10.041
402.04 522.51 14.22
589.295 605.435 15.2209
603.15 596.905 13.3608
33.213 104.685 13.8166
94.5026 135.31 9.16053
78.7818 122.496 18.078
738.695 653.041 19.633
317.585 202.994 22.8052
88.9429 303.591 22.2697
724.262 658.786 19.3066
715.645 645.824 10.6761
481.236 720.984 15.3915
561.597 358.312 22.7974
583.532 368.892 13.4774
278.032 463.994 12.5301
278.945 464.335 12.5016
569.044 114.432 8.71253
180.275 104.861 9.19517
417.966 423.601 9.39596
388.153 266.931 19.53
606.073 116.855 29.0645
457.876 51.5725 19.8176
729.681 710.595 21.6317
241.842 310.163 11.3243
241.219 310.742 11.2623
230.281 313.385 10.8756
213.394 303.029 19.3885
611.642 431.139 15.0436
614.326 434.086 15.4271
603.372 451.736 10.0004
241.245 -93.3383 107.917
567.684 506.497 12.9914
84.231 270.362 22.579
409.15 69.7029 12.2392
409.888 68.565 12.9283
106.705 240.852 28.0891
568.008 527.881 9.2972
561.643 531.571 12.2837
588.609 605.934 15.7086
589.417 609.216 14.2232
586.608 634.141 18.8904
578.84 640.677 23.1155
157.953 256.93 18.6219
131.419 264.821 12.0518
130.931 276.378 14.3548
525.055 822.739 69.7843
298.307 187.5 14.7655
288.641 166.51 11.4612
293.509 152.534 20.3412
71.8405 630.596 7.26678
74.5873 592.032 38.0709
356.997 5.90915 13.0949
336.481 24.7768 14.8424
763.23 505.572 13.8479
754.318 516.297 14.3818
649.55 520.596 13.3481
655.294 526.277 15.0457
656.441 536.997 16.5832
656.454 131.148 20.1747
460.319 112.812 12.0213
502.87 246.469 15.7463
583.573 279.507 8.20233
250.078 673.092 27.1323
645.787 311.9 23.1816
556.515 347.826 28.3838
543.899 340.503 33.0719
542.71 338.927 33.4149
331.425 374.14 17.4593
336.022 385.915 19.1031
157.131 563.763 9.41697
354.752 583.029 22.0973
620.286 163.222 12.7777
636.572 144.244 17.3127
551.998 226.064 9.61495
234.307 132.897 19.6796
605.26 406.307 9.46901
308.614 482.099 27.5667
143.336 563.804 11.633
144.497 535.857 19.7993
682.222 625.16 26.4477
113.008 553.869 23.2754
531.65 489.118 16.604
519.516 487.884 17.0762
473.685 270.602 12.3408
437.801 724.657 18.9457
81.8587 175.691 13.9539
67.868 188.259 12.5942
180.283 37.3647 14.1445
239.669 157.43 28.3849
247.347 163.959 29.3497
249.122 170.061 28.0314
246.311 182.996 23.2891
404.188 730.127 17.6045
416.5 702.058 18.1918
402.024 701.789 10.7203
384.996 389.175 30.9006
343.442 399.647 22.3722
80.6065 561.026 33.5266
269.855 509.701 10.7673
77.4475 557.177 29.9203
340.425 573.649 15.258
740.35 324.426 31.7979
754.372 300.895 17.1539
916.843 294.738 148.35
2157.6 361.143 1389.24
1095.03 393.205 336.125
852.34 380.466 108.716
499.994 743.078 16.5948
479.436 744.34 9.37054
361.786 295.467 18.2378
506.306 740.375 21.8475
456.591 557.213 23.3737
37.1769 631.079 23.3253
745.896 623.893 8.96839
368.591 361.625 21.7787
137.473 625.417 11.3956
137.707 625.605 11.3913
130.098 645.117 10.2233
106.44 648.22 27.3138
329.581 21.7365 18.0747
333.343 22.3547 17.0002
129.715 167.458 25.9504
144.765 149.012 38.6592
169.1 169.455 29.2409
505.179 219.624 22.8193
60.3164 25.0238 11.929
60.2193 37.0303 8.80079
65.3502 43.254 9.79913
301.444 556.814 8.58534
288.617 571.938 17.4725
279.295 572.488 22.1073
671.31 273.036 24.9398
673.034 256.56 17.2975
89.1158 68.9325 8.26391
262.674 665.502 21.2408
352.58 683.535 26.8951
360.797 20.7757 9.86173
214.224 656.725 10.3369
199.05 664.626 25.029
192.977 660.509 27.2411
191.58 638.887 25.8694
211.963 631.629 15.2809
702.506 688.842 33.8931
679.112 701.127 17.8106
665.981 703.854 17.2417
651.035 699.692 21.6031
725.555 61.0791 24.2753
270.57 65.4827 18.0354
270.482 83.0854 11.3629
242.531 76.1033 13.6154
237.322 63.0385 14.7279
98.8204 195.208 19.0983
360.93 162.463 22.6396
512.371 101.396 23.4336
456.099 535.107 32.3513
734.946 498.157 10.6257
448.601 506.865 20.4538
461.288 497.279 11.0614
471.792 499.731 5.93284
479.278 521.786 19.1103
494.029 177.436 11.0646
524.063 284.398 23.7943
530.166 271.018 20.329
530.222 269.366 19.9226
353.477 349.49 22.251
324.316 340.854 16.2485
312.838 313.933 31.6519
323.64 308.638 28.1089
505.575 254.848 11.0663
479.51 604.404 13.6927
292.581 694.672 20.5853
249.791 673.766 27.1788
441.723 257.589 12.9999
278.703 662.478 20.0449
455.325 707.625 10.8142
485.677 695.17 22.2543
2.98105 197.204 24.9434
441.848 478.237 15.3834
58.6304 164.853 13.3295
404.016 146.703 22.9124
413.817 168.327 16.2768
401.233 186.714 18.1057
121.521 563.443 17.4017
247.001 271.863 17.8971
203.774 720.195 7.30609
208.51 745.015 19.5086
447.623 509.519 21.7816
449.594 524.124 26.9736
163.742 388.201 18.9897
127.532 391.254 19.5775
535.31 689.218 25.8755
526.519 698.388 19.4549
374.668 679.544 29.322
645.199 312.288 23.192
216.882 496.076 9.77915
673.8 387.933 15.8046
677.69 390.666 14.9889
736.965 585.241 21.976
737.381 585.27 21.9171
753.981 597.393 17.9884
77.2719 557.057 29.7373
311.281 466.502 20.2725
415.499 573.312 22.9551
419.03 578.758 19.9857
393.93 209.519 26.6034
699.984 518.014 23.2245
700.646 518.828 22.4583
711.879 538.742 13.2395
258.394 329.313 12.5056
438.157 373.319 14.6973
421.873 362.86 6.34025
420.33 349.61 14.704
539.342 781.033 31.4494
481.488 399.807 30.6388
483.706 413.613 24.0399
423.517 301.809 15.5171
600.773 551.639 25.6696
456.06 312.713 23.5484
-611.792 603.025 626.125
495.415 499.266 11.5644
723.928 145.951 20.899
540.306 9854.56 9086.77
622.489 1347.63 582.306
442.122 624.968 24.6882
423.595 611.529 23.678
696.055 599.53 3.97497
91.5066 26.4588 14.2836
177.147 352.681 12.4632
293.177 448.355 10.5342
690.838 531.859 10.7219
592.298 580.229 8.8887
434.273 277.941 9.61686
433.511 277.179 8.85523
421.841 259.657 14.5799
554.204 578.916 22.9044
507.189 235.757 17.1331
533.576 236.583 10.0786
754.997 69.3626 16.0145
568.494 99.045 10.7358
584.801 89.0927 20.2263
602.861 101.701 27.6549
189.905 111.548 15.5102
189.017 117.525 15.6107
175.122 128.486 16.3405
155.248 134.301 29.128
567.77 147.591 24.4383
561.627 152.175 22.8225
553.019 152.446 18.7967
533.18 128.985 14.6758
127.134 474.18 11.1738
542.456 574.768 29.8337
523.744 596.147 31.699
521.656 596.199 31.1618
518.182 594.488 28.7843
408.225 64.0484 9.03396
406.601 51.6184 6.65258
203.327 486.955 11.3272
131.699 533.2 21.3137
137.849 533.658 20.3653
194.902 474.963 20.5878
104.187 80.9744 10.772
127.131 87.879 14.3555
624.605 302.989 12.839
351.986 598.033 21.5255
198.209 328.588 23.7092
481.262 449.077 17.9693
621.764 361.811 24.5796
600.359 354.565 14.4894
35.3618 402.876 23.5531
319.026 244.272 18.8837
194.793 722.085 7.40614
549.776 436.95 13.9481
680.511 393.127 14.9894
675.38 409.634 8.75214
648.955 417.215 24.4977
18.5919 444.25 13.7451
23.0786 436.011 12.1867
365.936 156.411 23.7613
128.409 93.8776 16.7235
109.18 108.805 21.0216
760.751 91.425 20.8714
263.213 379.619 13.4336
423.621 611.352 23.5716
449.157 588.493 12.4863
454.539 607.181 11.9876
453.29 609.976 12.9079
506.494 153.684 12.0864
517.129 161.803 16.5545
728.106 547.934 19.643
733.515 583.284 21.1499
728.28 583.294 18.4851
726.505 581.622 16.2622
481.367 192.997 9.26101
421.958 257.641 15.7409
390.07 227.909 24.1168
783.802 605.33 35.2843
432.401 241.379 22.9716
362.568 199.873 17.2766
381.536 203.774 18.3001
769.242 648.419 10.2638
763.744 625.876 17.3587
145.513 218.797 16.9635
98.8309 26.715 15.5959
270.795 436.339 20.197
402.299 465.582 20.6592
716.842 212.283 15.2614
202.487 98.8153 17.321
237.096 641.725 17.0999
242.893 633.882 16.2147
259.51 632.455 14.6663
459.019 242.924 10.1802
453.156 260.854 9.18859
115.963 506.551 24.355
140.57 497.129 16.0225
141.004 497.533 15.6552
146.991 506.259 10.1115
211.094 469.689 15.7673
682.572 624.99 26.5148
458.451 222.957 8.16793
388.84 247.217 20.8604
423.199 253.852 17.6968
737.764 246.801 24.5161
743.091 248.102 26.8258
746.203 270.616 21.9532
716.573 288.23 22.0506
318.129 531.501 21.9164
341.422 521.95 7.70722
216.945 685.885 25.2852
359.309 420.891 10.4589
227.118 349.624 22.2704
237.607 340.181 17.4592
319.248 630.696 15.6919
121.601 250.368 16.7356
278.233 404.787 17.1978
302.388 407.102 22.8335
308.393 411.172 26.0493
307.952 412.616 25.1227
300.658 423.32 16.5328
187.857 357.865 7.16461
458.407 659.443 20.4525
447.58 677.607 15.1493
440.84 682.227 17.0357
509.971 480.117 15.6786
766.491 229.697 31.6788
761.181 220.807 25.4571
759.498 211.69 19.4982
196.178 39.3369 16.6255
182.292 39.5822 15.3143
644.121 659.064 11.0088
195.739 537.487 13.1762
276.241 720.252 19.5986
316.475 729.954 24.8407
112.113 179.308 24.0569
116.381 178.396 24.5979
589.353 195.95 27.7054
594.67 179.36 20.8113
403.44 564.655 30.0402
390.117 588.732 17.4268
355.269 585.382 22.2705
119.829 430.056 13.8757
345.468 451.458 20.0677
7.28943 381.878 35.5978
-57.398 382.874 80.6059
-378.125 336.34 393.064
-100.521 315.338 119.579
112.13 -111.637 125.15
455.402 18.5763 12.06
481.975 15.4007 14.9429
638.174 470.417 30.0298
637.346 468.332 28.6422
632.506 440.055 20.2969
648.341 420.552 23.6443
674.111 456.059 24.6486
427.871 380.063 11.3026
533.303 335.832 30.8627
502.713 356.502 18.31
501.607 356.018 17.8426
491.12 349.42 15.9031
53.4424 191.296 20.9416
424.83 499.828 11.2002
442.458 476.892 15.6348
33.7074 549.518 14.7873
110.615 447.618 17.0523
116.995 451.91 13.8257
342.269 441.865 19.5288
345.921 444.755 21.6676
270.019 64.9593 18.1223
245.717 78.0146 13.3573
-173.715 66.4112 188.46
47.993 490.736 8.70304
61.7696 473.327 21.1039
423.309 700.877 19.6372
417.154 701.675 18.4913
406.856 684.918 7.5636
619.161 120.742 22.5842
510.252 449.284 17.309
514.012 465.124 9.92694
350.84 164.397 18.1985
334.24 145.887 9.61808
51.4294 136.09 18
304.987 495.91 27.3217
302.988 488.45 30.3271
219.985 555.459 17.6767
199.312 561.277 13.9998
236.331 377.063 26.8396
250.214 444.188 31.0909
251.986 445.12 31.9674
252.573 448.205 30.8279
244.124 470.846 19.8699
223.424 475.483 12.2392
246.363 336.977 16.5626
255.275 336.974 17.4343
265.612 346.344 17.8187
265.749 347.215 17.6228
689.912 362.267 16.4876
689.266 374.024 5.1355
652.271 31.7812 12.4376
644.875 50.4158 11.4771
727.569 735.277 17.2979
741.867 746.761 5.9472
735.816 775.079 25.0086
429.024 751.225 12.7111
402.057 735.727 18.8925
404.337 731.97 18.5628
435.386 730.917 19.1801
48.279 521.438 17.7679
40.3567 516.168 19.0286
39.886 505.015 16.1984
-13.6537 73.7542 39.5709
-23.5156 78.6465 50.0468
-41.359 82.7336 66.6109
449.49 586.899 13.1423
449.073 584.376 13.621
580.504 78.8359 18.3306
401.424 558.89 31.3469
374.515 551.419 26.4163
364.919 539.247 26.4977
364.933 528.878 24.7388
367.926 520.321 23.6789
326.155 654.44 18.2774
321.994 656.093 15.8162
79.448 488.903 23.6247
483.785 452.242 19.0138
83.4154 510.966 12.5408
381.489 179.593 4.06591
535.272 684.568 26.2171
700.141 83.5881 23.491
363.932 53.6135 25.028
363.524 55.8122 24.8306
352.574 66.6419 19.7461
322.851 64.3196 19.9519
425.569 98.9911 21.222
412.717 92.702 12.4424
409.769 87.3914 8.72959
675.301 35.8733 12.9183
358.853 112.215 31.6012
361.414 111.646 30.491
380.914 114.203 22.3735
398.609 128.291 21.1426
401.358 145.155 23.8156
381.298 156.523 20.0333
215.777 105.799 14.3536
232.793 102.61 13.0121
236.698 104.277 13.8117
636.477 200.003 26.2973
99.8651 395.467 12.1741
254.443 254.232 18.5976
275.325 222.226 27.538
190.577 719.38 8.10851
269.859 285.362 9.80085
100.638 414.894 14.5225
96.9055 413.302 15.9655
623.008 631.248 25.731
623.859 630.408 26.1517
625.508 629.298 26.6064
638.173 632.259 22.632
678.856 748.373 22.1162
725.088 614.542 13.5827
733.139 626.567 6.37117
496.786 702.508 18.1694
509.309 707.48 18.262
511.658 732.969 19.3146
509.792 737.649 21.3768
506.694 740.397 22.0407
580.902 5.13204 29.8482
561.833 25.6943 17.6798
171.778 230.217 25.1036
172.845 212.146 13.4727
144.393 146.644 38.7548
125.232 136.511 26.3862
119.791 131.489 23.3304
56.5648 80.5937 26.6308
57.6482 83.4067 24.4729
57.5028 107.378 10.5846
128.085 400.592 18.8836
126.822 393.834 19.7892
175.245 298.041 10.1101
-31.8924 565.036 72.1967
-20.0731 559.521 61.6423
145.394 432.521 20.8949
147.981 440.018 21.2626
141.393 449.507 16.3429
573.179 278.074 10.2526
-248.746 601.149 273.115
738.689 105.769 24.7363
753.18 125.747 15.8047
727.862 146.426 18.8651
306.943 93.5444 28.89
296.074 99.4667 24.3897
285.796 103.026 23.4797
352.477 648.446 8.0922
507.857 447.395 18.4432
401.253 467.405 21.4268
611.876 326.811 15.2322
648.878 134.884 18.8243
639.22 138.228 20.8132
366.85 640.188 18.9785
168.869 313.191 9.65385
188.829 315.751 12.9353
198.432 324.405 22.623
592.745 238.86 33.1439
587.91 202.165 27.9613
589.619 198.029 28.3621
626.326 565.767 28.0757
594.196 582.192 8.11778
691.588 134.931 15.4529
657.332 131.939 19.3227
27.6409 142.327 17.2135
31.7407 115.893 9.79689
34.9688 110.394 12.9878
41.7412 113.667 9.6926
640.027 319.775 18.2573
619.911 331.5 16.0312
611.987 326.985 15.2861
390.132 426.671 23.4424
334.207 307.209 23.6632
348.883 304.909 18.7105
362.45 324.224 11.0349
365.575 337.899 20.2007
364.061 343.061 23.3053
360.53 347.905 26.0701
458.028 96.2285 13.956
466.867 102.524 17.9283
467.137 103.096 18.0441
94.3938 476.372 16.7435
99.1869 471.231 13.6276
463.303 473.409 14.5126
432.155 463.286 11.4395
425.508 470.781 3.15864
424.881 471.223 2.82441
401.355 467.818 21.287
366.177 496.673 23.2642
364.872 501.076 23.252
343.385 502.538 10.1762
647.581 739.855 15.8526
678.229 747.15 21.7693
423.761 653.331 18.9548
421.994 651.874 17.1938
400.622 618.863 24.7299
81.7406 224.801 30.3239
86.1859 239.792 35.7981
77.0752 252.558 34.0226
63.4647 256.246 28.9329
394.891 63.432 5.56607
409.794 68.4543 12.8343
661.771 70.8337 26.7979
667.86 38.8721 13.3343
693.989 237.517 16.39
696.132 228.742 15.6118
705.114 224.812 11.7812
723.116 239.771 13.5837
684.055 115.638 16.9558
687.245 105.86 11.4809
496.279 539.164 31.801
484.754 538.811 35.7125
